*3DSMAX_ASCIIEXPORT	110
*COMMENT "[ Kerrax ASCII Model Exporter ] - Feb 25 2013"
*SCENE {
	*SCENE_FILENAME ""
	*SCENE_FIRSTFRAME 0
	*SCENE_LASTFRAME 100
	*SCENE_FRAMESPEED 25
	*SCENE_TICKSPERFRAME 192
	*SCENE_BACKGROUND_STATIC 0	0	0
	*SCENE_AMBIENT_STATIC 0.2	0.2	0.2
}
*MATERIAL_LIST {
	*MATERIAL_COUNT 1
	*MATERIAL 0 {
		*MATERIAL_NAME "MultiMtl #0"
		*MATERIAL_CLASS "Multi/Sub-Object"
		*NUMSUBMTLS 2
		*SUBMATERIAL 0 {
			*MATERIAL_NAME "zbroja_marvin2"
			*MATERIAL_CLASS "Standard"
			*MATERIAL_DIFFUSE 0.6382696032524109	0.3421683609485626	0.16213153302669525
			*MAP_DIFFUSE {
				*BITMAP "zbroja_marvin2.tga"
			}
		}
		*SUBMATERIAL 1 {
			*MATERIAL_NAME "V12"
			*MATERIAL_CLASS "Standard"
			*MATERIAL_DIFFUSE 0.5098040103912354	0.4078429937362671	0.3058820068836212
			*MAP_DIFFUSE {
				*BITMAP "HUM_BODY_NAKED_V12_C1.TGA"
			}
		}
	}
}
*HELPEROBJECT {
	*NODE_NAME "Bip01"
	*NODE_TM {
		*NODE_NAME "Bip01"
		*TM_ROW0 -3.422854177870249e-08	-1.0	0.0
		*TM_ROW1 1.0	-3.422854177870249e-08	0.0
		*TM_ROW2 0.0	0.0	1.0
		*TM_ROW3 0.0	-8.511231422424316	99.94960021972656
		*TM_POS 0.0	-8.511231422424316	99.94960021972656
		*TM_ROTAXIS 0.0	0.0	1.0
		*TM_ROTANGLE 1.5707963610234383
		*TM_SCALE 1	1	1
		*TM_SCALEAXIS 0	0	0
		*TM_SCALEAXISANG 0	0	0
	}
}
*HELPEROBJECT {
	*NODE_NAME "Bip01 Pelvis"
	*NODE_PARENT "Bip01"
	*NODE_TM {
		*NODE_NAME "Bip01 Pelvis"
		*TM_ROW0 4.212078010823461e-07	1.8223672668682411e-06	1.0
		*TM_ROW1 -2.169607569157961e-06	-1.0	1.822368176362943e-06
		*TM_ROW2 1.0	-2.169608251278987e-06	-4.21208056877731e-07
		*TM_ROW3 -5.308608160703443e-05	-9.145082473754883	99.94960021972656
		*TM_POS -5.308608160703443e-05	-9.145082473754883	99.94960021972656
		*TM_ROTAXIS 0.7071069478988647	-1.2276791494514327e-07	0.7071066498756409
		*TM_ROTANGLE 3.141595476342801
		*TM_SCALE 1	1	1
		*TM_SCALEAXIS 0	0	0
		*TM_SCALEAXISANG 0	0	0
	}
}
*HELPEROBJECT {
	*NODE_NAME "Bip01 Spine"
	*NODE_PARENT "Bip01 Pelvis"
	*NODE_TM {
		*NODE_NAME "Bip01 Spine"
		*TM_ROW0 -0.0015184687217697501	-0.020565813407301903	0.9998886585235596
		*TM_ROW1 -2.3130036424845457e-05	-0.9999907612800598	-0.02056586742401123
		*TM_ROW2 1.0001001358032227	-5.227134533924982e-05	0.0013154693879187107
		*TM_ROW3 -4.828069722861983e-05	-9.05594253540039	102.3499984741211
		*TM_POS -4.828069722861983e-05	-9.05594253540039	102.3499984741211
		*TM_ROTAXIS 0.7066226005554199	-0.007284662686288357	0.7076245546340942
		*TM_ROTANGLE 3.1270769017881808
		*TM_SCALE 1	1	1
		*TM_SCALEAXIS 0	0	0
		*TM_SCALEAXISANG 0	0	0
	}
}
*HELPEROBJECT {
	*NODE_NAME "Bip01 Spine1"
	*NODE_PARENT "Bip01 Spine"
	*NODE_TM {
		*NODE_NAME "Bip01 Spine1"
		*TM_ROW0 -4.499700662563555e-05	-0.10852967947721481	0.9940983057022095
		*TM_ROW1 -6.12970870861318e-06	-0.9941034317016602	-0.10852967947721481
		*TM_ROW2 1.0000051259994507	-1.0425218533782754e-05	3.392785583855584e-05
		*TM_ROW3 -4.8203572077909485e-05	-9.248204231262207	112.17500305175781
		*TM_POS -4.8203572077909485e-05	-9.248204231262207	112.17500305175781
		*TM_ROTAXIS 0.7065714597702026	-0.03845905885100365	0.7065994143486023
		*TM_ROTANGLE 3.0647241382946673
		*TM_SCALE 1	1	1
		*TM_SCALEAXIS 0	0	0
		*TM_SCALEAXISANG 0	0	0
	}
}
*HELPEROBJECT {
	*NODE_NAME "Bip01 Spine2"
	*NODE_PARENT "Bip01 Spine1"
	*NODE_TM {
		*NODE_NAME "Bip01 Spine2"
		*TM_ROW0 -3.4585186767799314e-06	0.2164306491613388	0.9762997031211853
		*TM_ROW1 2.1795367501908913e-06	-0.9763013124465942	0.2164306491613388
		*TM_ROW2 1.0000016689300537	2.519429472158663e-06	-3.5484308114064333e-07
		*TM_ROW3 -5.374139436753467e-05	-10.620711326599121	124.96099853515625
		*TM_POS -5.374139436753467e-05	-10.620711326599121	124.96099853515625
		*TM_ROTAXIS -0.7049961686134338	-0.07720713317394257	-0.7049972414970398
		*TM_ROTANGLE 2.9874874526590176
		*TM_SCALE 1	1	1
		*TM_SCALEAXIS 0	0	0
		*TM_SCALEAXISANG 0	0	0
	}
}
*HELPEROBJECT {
	*NODE_NAME "Bip01 Neck"
	*NODE_PARENT "Bip01 Spine2"
	*NODE_TM {
		*NODE_NAME "Bip01 Neck"
		*TM_ROW0 -0.00019337287812959403	-0.03141843155026436	0.9995774030685425
		*TM_ROW1 -4.299005468055839e-06	-0.9996484518051147	-0.03141843155026436
		*TM_ROW2 1.0000710487365723	-8.140027603076305e-06	5.1091687055304646e-05
		*TM_ROW3 -0.00011012048344127834	-4.077077865600586	154.45401000976562
		*TM_POS -0.00011012048344127834	-4.077077865600586	154.45401000976562
		*TM_ROTAXIS 0.7070450186729431	-0.011111954227089882	0.7071314454078674
		*TM_ROTANGLE 3.1193784563874583
		*TM_SCALE 1	1	1
		*TM_SCALEAXIS 0	0	0
		*TM_SCALEAXISANG 0	0	0
	}
}
*HELPEROBJECT {
	*NODE_NAME "Bip01 Head"
	*NODE_PARENT "Bip01 Neck"
	*NODE_TM {
		*NODE_NAME "Bip01 Head"
		*TM_ROW0 -2.9903640097472817e-06	1.5307966805266915e-06	1.0
		*TM_ROW1 -1.9015964198842994e-06	-1.0	1.5307909961848054e-06
		*TM_ROW2 1.0	-1.9015918724107905e-06	2.9903551421739394e-06
		*TM_ROW3 -0.00011614870163612068	-3.859001398086548	161.19801330566406
		*TM_POS -0.00011614870163612068	-3.859001398086548	161.19801330566406
		*TM_ROTAXIS 0.7071056962013245	-1.3109770691244194e-07	0.7071078419685364
		*TM_ROTANGLE 3.1415950806546014
		*TM_SCALE 1	1	1
		*TM_SCALEAXIS 0	0	0
		*TM_SCALEAXISANG 0	0	0
	}
}
*HELPEROBJECT {
	*NODE_NAME "Bip01 L Clavicle"
	*NODE_PARENT "Bip01 Neck"
	*NODE_TM {
		*NODE_NAME "Bip01 L Clavicle"
		*TM_ROW0 0.9352291822433472	-0.20389237999916077	-0.2894378900527954
		*TM_ROW1 0.1564350724220276	0.9713690876960754	-0.17880214750766754
		*TM_ROW2 0.31760740280151367	0.12194275110960007	0.9403486251831055
		*TM_ROW3 7.963910102844238	-1.2580268383026123	148.72901916503906
		*TM_POS 7.963910102844238	-1.2580268383026123	148.72901916503906
		*TM_ROTAXIS 0.39193955063819885	-0.7911192178726196	0.46958932280540466
		*TM_ROTANGLE 0.393758868543879
		*TM_SCALE 1	1	1
		*TM_SCALEAXIS 0	0	0
		*TM_SCALEAXISANG 0	0	0
	}
}
*HELPEROBJECT {
	*NODE_NAME "Bip01 L UpperArm"
	*NODE_PARENT "Bip01 L Clavicle"
	*NODE_TM {
		*NODE_NAME "Bip01 L UpperArm"
		*TM_ROW0 0.24623194336891174	0.09890348464250565	-0.9641513824462891
		*TM_ROW1 0.4127886891365051	0.8893446922302246	0.1966506838798523
		*TM_ROW2 0.8769123554229736	-0.44641247391700745	0.17815883457660675
		*TM_ROW3 20.426851272583008	-3.975067377090454	144.87203979492188
		*TM_POS 20.426851272583008	-3.975067377090454	144.87203979492188
		*TM_ROTAXIS -0.32556217908859253	-0.9320712685585022	0.15890997648239136
		*TM_ROTANGLE 1.413278088898117
		*TM_SCALE 1	1	1
		*TM_SCALEAXIS 0	0	0
		*TM_SCALEAXISANG 0	0	0
	}
}
*HELPEROBJECT {
	*NODE_NAME "Bip01 L Forearm"
	*NODE_PARENT "Bip01 L UpperArm"
	*NODE_TM {
		*NODE_NAME "Bip01 L Forearm"
		*TM_ROW0 0.04551498964428902	-0.29188084602355957	-0.955371081829071
		*TM_ROW1 0.4784891903400421	0.8458864092826843	-0.23563578724861145
		*TM_ROW2 0.8769130110740662	-0.44640982151031494	0.1781623512506485
		*TM_ROW3 27.298242568969727	-1.2152256965637207	117.966064453125
		*TM_POS 27.298242568969727	-1.2152256965637207	117.966064453125
		*TM_ROTAXIS -0.1054508164525032	-0.9166967272758484	0.38541823625564575
		*TM_ROTANGLE 1.5360074998945086
		*TM_SCALE 1	1	1
		*TM_SCALEAXIS 0	0	0
		*TM_SCALEAXISANG 0	0	0
	}
}
*HELPEROBJECT {
	*NODE_NAME "Bip01 L Hand"
	*NODE_PARENT "Bip01 L Forearm"
	*NODE_TM {
		*NODE_NAME "Bip01 L Hand"
		*TM_ROW0 0.0455474779009819	-0.2918729782104492	-0.9553720355033875
		*TM_ROW1 -0.8765323758125305	0.44707292318344116	-0.1783728450536728
		*TM_ROW2 0.4791831970214844	0.8455389142036438	-0.23547309637069702
		*TM_ROW3 28.564321517944336	-9.334319114685059	91.3910140991211
		*TM_POS 28.564321517944336	-9.334319114685059	91.3910140991211
		*TM_ROTAXIS 0.5514017939567566	-0.7725434899330139	-0.3148535490036011
		*TM_ROTANGLE 1.9513409815371376
		*TM_SCALE 1	1	1
		*TM_SCALEAXIS 0	0	0
		*TM_SCALEAXISANG 0	0	0
	}
}
*HELPEROBJECT {
	*NODE_NAME "Bip01 L Finger0"
	*NODE_PARENT "Bip01 L Hand"
	*NODE_TM {
		*NODE_NAME "Bip01 L Finger0"
		*TM_ROW0 0.0455474816262722	-0.2918729782104492	-0.9553720355033875
		*TM_ROW1 -0.8769141435623169	0.44639861583709717	-0.17818503081798553
		*TM_ROW2 0.4784841537475586	0.8458951115608215	-0.23561523854732513
		*TM_ROW3 29.150575637817383	-13.090673446655273	79.09561920166016
		*TM_POS 29.150575637817383	-13.090673446655273	79.09561920166016
		*TM_ROTAXIS 0.5515895485877991	-0.7723029255867004	-0.3151146173477173
		*TM_ROTANGLE 1.9517807128826437
		*TM_SCALE 1	1	1
		*TM_SCALEAXIS 0	0	0
		*TM_SCALEAXISANG 0	0	0
	}
}
*HELPEROBJECT {
	*NODE_NAME "Bip01 R Clavicle"
	*NODE_PARENT "Bip01 Neck"
	*NODE_TM {
		*NODE_NAME "Bip01 R Clavicle"
		*TM_ROW0 -0.9352283477783203	-0.20389829576015472	-0.2894417643547058
		*TM_ROW1 -0.15644149482250214	0.9713684916496277	-0.1787998378276825
		*TM_ROW2 0.31761157512664795	-0.12193773686885834	-0.9403494596481323
		*TM_ROW3 -7.964057445526123	-1.258047342300415	148.72901916503906
		*TM_POS -7.964057445526123	-1.258047342300415	148.72901916503906
		*TM_ROTAXIS 0.09297962486743927	-0.9926398396492004	0.07760027796030045
		*TM_ROTANGLE 2.830837983443376
		*TM_SCALE 1	1	1
		*TM_SCALEAXIS 0	0	0
		*TM_SCALEAXISANG 0	0	0
	}
}
*HELPEROBJECT {
	*NODE_NAME "Bip01 R UpperArm"
	*NODE_PARENT "Bip01 R Clavicle"
	*NODE_TM {
		*NODE_NAME "Bip01 R UpperArm"
		*TM_ROW0 -0.24623043835163116	0.09889340400695801	-0.9641528129577637
		*TM_ROW1 -0.4127916693687439	0.8893454074859619	0.19664129614830017
		*TM_ROW2 0.8769114017486572	0.4464133381843567	-0.17816153168678284
		*TM_ROW3 -20.426969528198242	-3.975111722946167	144.87197875976562
		*TM_POS -20.426969528198242	-3.975111722946167	144.87197875976562
		*TM_ROTAXIS 0.1296101212501526	-0.9553533792495728	-0.2655203938484192
		*TM_ROTANGLE 1.841618044704681
		*TM_SCALE 1	1	1
		*TM_SCALEAXIS 0	0	0
		*TM_SCALEAXISANG 0	0	0
	}
}
*HELPEROBJECT {
	*NODE_NAME "Bip01 R Forearm"
	*NODE_PARENT "Bip01 R UpperArm"
	*NODE_TM {
		*NODE_NAME "Bip01 R Forearm"
		*TM_ROW0 -0.045507751405239105	-0.29188862442970276	-0.9553691148757935
		*TM_ROW1 -0.4784868359565735	0.8458847999572754	-0.23564644157886505
		*TM_ROW2 0.8769147396087646	0.4464077949523926	-0.1781591922044754
		*TM_ROW3 -27.298236846923828	-1.2153232097625732	117.96601104736328
		*TM_POS -27.298236846923828	-1.2153232097625732	117.96601104736328
		*TM_ROTAXIS 0.34727880358695984	-0.9329366087913513	-0.0950094610452652
		*TM_ROTANGLE 1.7608290136114384
		*TM_SCALE 1	1	1
		*TM_SCALEAXIS 0	0	0
		*TM_SCALEAXISANG 0	0	0
	}
}
*HELPEROBJECT {
	*NODE_NAME "Bip01 R Hand"
	*NODE_PARENT "Bip01 R Forearm"
	*NODE_TM {
		*NODE_NAME "Bip01 R Hand"
		*TM_ROW0 -0.04547562077641487	-0.2918689250946045	-0.9553766250610352
		*TM_ROW1 0.8765316605567932	0.4470985233783722	-0.17831185460090637
		*TM_ROW2 0.4791911542415619	-0.8455267548561096	0.2355002760887146
		*TM_ROW3 -28.564205169677734	-9.334417343139648	91.39109802246094
		*TM_POS -28.564205169677734	-9.334417343139648	91.39109802246094
		*TM_ROTAXIS -0.3392380177974701	-0.7293900847434998	0.5940603017807007
		*TM_ROTANGLE 1.7532452876527798
		*TM_SCALE 1	1	1
		*TM_SCALEAXIS 0	0	0
		*TM_SCALEAXISANG 0	0	0
	}
}
*HELPEROBJECT {
	*NODE_NAME "Bip01 R Finger0"
	*NODE_PARENT "Bip01 R Hand"
	*NODE_TM {
		*NODE_NAME "Bip01 R Finger0"
		*TM_ROW0 -0.04547565430402756	-0.2918689548969269	-0.9553766250610352
		*TM_ROW1 0.8769152164459229	0.44642117619514465	-0.17812320590019226
		*TM_ROW2 0.4784889817237854	-0.8458845615386963	0.23564301431179047
		*TM_ROW3 -29.149436950683594	-13.090665817260742	79.09551239013672
		*TM_POS -29.149436950683594	-13.090665817260742	79.09551239013672
		*TM_ROTAXIS -0.33953288197517395	-0.7290696501731873	0.5942851901054382
		*TM_ROTANGLE 1.753517080114438
		*TM_SCALE 1	1	1
		*TM_SCALEAXIS 0	0	0
		*TM_SCALEAXISANG 0	0	0
	}
}
*HELPEROBJECT {
	*NODE_NAME "Bip01 L Thigh"
	*NODE_PARENT "Bip01 Pelvis"
	*NODE_TM {
		*NODE_NAME "Bip01 L Thigh"
		*TM_ROW0 0.05314107611775398	-0.031985022127628326	-0.9981192946434021
		*TM_ROW1 -0.001916614011861384	-0.9995825290679932	0.03192827105522156
		*TM_ROW2 -0.9986298084259033	0.00021479300630744547	-0.05326935648918152
		*TM_ROW3 9.010169982910156	-8.011290550231934	99.94960021972656
		*TM_POS 9.010169982910156	-8.011290550231934	99.94960021972656
		*TM_ROTAXIS -0.7256453037261963	0.011681217700242996	0.6880040168762207
		*TM_ROTANGLE 3.1197390010180315
		*TM_SCALE 1	1	1
		*TM_SCALEAXIS 0	0	0
		*TM_SCALEAXISANG 0	0	0
	}
}
*HELPEROBJECT {
	*NODE_NAME "Bip01 L Calf"
	*NODE_PARENT "Bip01 L Thigh"
	*NODE_TM {
		*NODE_NAME "Bip01 L Calf"
		*TM_ROW0 0.05254925787448883	0.19384834170341492	-0.9796209335327148
		*TM_ROW1 0.010194029659032822	-0.9810270071029663	-0.19358019530773163
		*TM_ROW2 -0.9985641837120056	0.00018577965965960175	-0.05352414771914482
		*TM_ROW3 11.114806175231934	-9.269498825073242	60.68769836425781
		*TM_POS 11.114806175231934	-9.269498825073242	60.68769836425781
		*TM_ROTAXIS 0.7239698171615601	0.07077786326408386	-0.6861894726753235
		*TM_ROTANGLE 3.0073681127500707
		*TM_SCALE 1	1	1
		*TM_SCALEAXIS 0	0	0
		*TM_SCALEAXISANG 0	0	0
	}
}
*HELPEROBJECT {
	*NODE_NAME "Bip01 L Foot"
	*NODE_PARENT "Bip01 L Calf"
	*NODE_TM {
		*NODE_NAME "Bip01 L Foot"
		*TM_ROW0 8.267104931292124e-06	5.137408152222633e-06	-0.9999985098838806
		*TM_ROW1 0.173653244972229	-0.9848038554191589	-3.883867975673638e-06
		*TM_ROW2 -0.9848053455352783	-0.173653244972229	-6.060476607672172e-06
		*TM_ROW3 13.69332218170166	0.24062544107437134	12.626680374145508
		*TM_POS 13.69332218170166	0.24062544107437134	12.626680374145508
		*TM_ROTAXIS -0.7057594060897827	-0.061749253422021866	0.7057543396949768
		*TM_ROTANGLE 3.0182571430358283
		*TM_SCALE 1	1	1
		*TM_SCALEAXIS 0	0	0
		*TM_SCALEAXISANG 0	0	0
	}
}
*HELPEROBJECT {
	*NODE_NAME "Bip01 L Toe0"
	*NODE_PARENT "Bip01 L Foot"
	*NODE_TM {
		*NODE_NAME "Bip01 L Toe0"
		*TM_ROW0 0.1736457794904709	-0.9848082065582275	6.11284167462145e-06
		*TM_ROW1 4.081722636328777e-06	6.919578936503967e-06	1.0
		*TM_ROW2 -0.9848082065582275	-0.17364579439163208	5.2152631724311505e-06
		*TM_ROW3 17.625396728515625	-22.059133529663086	-7.450580596923828e-06
		*TM_POS 17.625396728515625	-22.059133529663086	-7.450580596923828e-06
		*TM_ROTAXIS -0.6443976163864136	0.5407184958457947	0.540717363357544
		*TM_ROTANGLE 1.996729795453974
		*TM_SCALE 1	1	1
		*TM_SCALEAXIS 0	0	0
		*TM_SCALEAXISANG 0	0	0
	}
}
*HELPEROBJECT {
	*NODE_NAME "Bip01 R Thigh"
	*NODE_PARENT "Bip01 Pelvis"
	*NODE_TM {
		*NODE_NAME "Bip01 R Thigh"
		*TM_ROW0 -0.08470529317855835	-0.03190293535590172	-0.9959221482276917
		*TM_ROW1 0.0016405954957008362	-0.9995399713516235	0.03187853842973709
		*TM_ROW2 -0.9964316487312317	0.0010655592195689678	0.08466493338346481
		*TM_ROW3 -7.785716533660889	-8.011322021484375	99.9496078491211
		*TM_POS -7.785716533660889	-8.011322021484375	99.9496078491211
		*TM_ROTAXIS -0.676462709903717	0.01118548959493637	0.7364087700843811
		*TM_ROTANGLE 3.11881560820226
		*TM_SCALE 1	1	1
		*TM_SCALEAXIS 0	0	0
		*TM_SCALEAXISANG 0	0	0
	}
}
*HELPEROBJECT {
	*NODE_NAME "Bip01 R Calf"
	*NODE_PARENT "Bip01 R Thigh"
	*NODE_TM {
		*NODE_NAME "Bip01 R Calf"
		*TM_ROW0 -0.05254087224602699	0.19383421540260315	-0.9796265959739685
		*TM_ROW1 -0.010299921035766602	-0.9810348153114319	-0.1935603767633438
		*TM_ROW2 -0.9985659122467041	-7.970268779899925e-05	0.05354034900665283
		*TM_ROW3 -11.11542797088623	-9.269598007202148	60.68779373168945
		*TM_POS -11.11542797088623	-9.269598007202148	60.68779373168945
		*TM_ROTAXIS 0.6863598227500916	0.06718596071004868	-0.7241522669792175
		*TM_ROTANGLE 3.0001747840327098
		*TM_SCALE 1	1	1
		*TM_SCALEAXIS 0	0	0
		*TM_SCALEAXISANG 0	0	0
	}
}
*HELPEROBJECT {
	*NODE_NAME "Bip01 R Foot"
	*NODE_PARENT "Bip01 R Calf"
	*NODE_TM {
		*NODE_NAME "Bip01 R Foot"
		*TM_ROW0 9.025941835716367e-06	-6.975546057219617e-06	-1.0000016689300537
		*TM_ROW1 -0.17365320026874542	-0.9848102927207947	5.005655111745e-06
		*TM_ROW2 -0.984808623790741	0.17365320026874542	-1.3489392586052418e-05
		*TM_ROW3 -13.693554878234863	0.24063512682914734	12.626659393310547
		*TM_POS -13.693554878234863	0.24063512682914734	12.626659393310547
		*TM_ROTAXIS 0.7057619690895081	-0.0617496594786644	-0.7057539820671082
		*TM_ROTANGLE 3.0182584303707096
		*TM_SCALE 1	1	1
		*TM_SCALEAXIS 0	0	0
		*TM_SCALEAXISANG 0	0	0
	}
}
*HELPEROBJECT {
	*NODE_NAME "Bip01 R Toe0"
	*NODE_PARENT "Bip01 R Foot"
	*NODE_TM {
		*NODE_NAME "Bip01 R Toe0"
		*TM_ROW0 -0.1736512929201126	-0.9848073124885559	3.4233496535307495e-06
		*TM_ROW1 3.789840320678195e-06	2.7012815735361073e-06	1.0000001192092896
		*TM_ROW2 -0.9848073124885559	0.17365118861198425	3.1380495784105733e-06
		*TM_ROW3 -17.62555503845215	-22.059207916259766	1.043081283569336e-05
		*TM_POS -17.62555503845215	-22.059207916259766	1.043081283569336e-05
		*TM_ROTAXIS -0.5102710723876953	0.608121395111084	0.6081216335296631
		*TM_ROTANGLE 2.197925357925249
		*TM_SCALE 1	1	1
		*TM_SCALEAXIS 0	0	0
		*TM_SCALEAXISANG 0	0	0
	}
}
*HELPEROBJECT {
	*NODE_NAME "Bip01 Footsteps"
	*NODE_PARENT "Bip01"
	*NODE_TM {
		*NODE_NAME "Bip01 Footsteps"
		*TM_ROW0 0.9986348152160645	-0.04090070724487305	-0.03245357424020767
		*TM_ROW1 -0.04116854444146156	-0.9973745346069336	-0.007620030082762241
		*TM_ROW2 -0.03211313113570213	0.008946853689849377	-0.9976958632469177
		*TM_ROW3 -0.07376968860626221	4.1673173904418945	0.25284886360168457
		*TM_POS -0.07376968860626221	4.1673173904418945	0.25284886360168457
		*TM_ROTAXIS 0.9992214441299438	-0.02053365297615528	-0.01615453138947487
		*TM_ROTANGLE 3.1333026626459866
		*TM_SCALE 1	1	1
		*TM_SCALEAXIS 0	0	0
		*TM_SCALEAXISANG 0	0	0
	}
}
*GEOMOBJECT {
	*NODE_NAME "zm_Schmied.014"
	*NODE_PARENT "Bip01"
	*NODE_TM {
		*NODE_NAME "zm_Schmied.014"
		*TM_ROW0 2.920550741691841e-06	0.0008163196034729481	0.9999939203262329
		*TM_ROW1 0.08274652063846588	-0.9965587854385376	0.0008137543918564916
		*TM_ROW2 0.9965648651123047	0.08274649828672409	-5.897521987208165e-05
		*TM_ROW3 0.0	1.4560819864273071	83.81328582763672
		*TM_POS 0.0	1.4560819864273071	83.81328582763672
		*TM_ROTAXIS 0.7068062424659729	0.029581353068351746	0.7067843675613403
		*TM_ROTANGLE 3.083600320593946
		*TM_SCALE 1	1	1
		*TM_SCALEAXIS 0	0	0
		*TM_SCALEAXISANG 0	0	0
	}
	*MATERIAL_REF 0
	*MESH_SOFTSKIN {
		*TIMEVALUE 0
		*MESH_NUMVERTEX 134
		*MESH_NUMFACES 246
		*MESH_VERTEX_LIST {
			*MESH_VERTEX 0	-11.720832824707031	-18.42939567565918	143.9720458984375
			*MESH_VERTEX 1	-11.748133659362793	-21.71034812927246	144.5933837890625
			*MESH_VERTEX 2	-12.021050453186035	-19.692930221557617	149.2860107421875
			*MESH_VERTEX 3	-11.945677757263184	-16.317489624023438	147.81845092773438
			*MESH_VERTEX 4	-26.15412139892578	-17.92409896850586	144.6475067138672
			*MESH_VERTEX 5	-28.06060028076172	-17.5319766998291	142.8009033203125
			*MESH_VERTEX 6	-30.864816665649414	-15.73067855834961	143.7053985595703
			*MESH_VERTEX 7	-26.625892639160156	-14.751662254333496	148.02090454101562
			*MESH_VERTEX 8	-35.235877990722656	-11.717512130737305	144.7218475341797
			*MESH_VERTEX 9	-28.702911376953125	-11.016289710998535	149.55899047851562
			*MESH_VERTEX 10	-23.0977783203125	-15.181140899658203	149.97549438476562
			*MESH_VERTEX 11	-24.049951553344727	-11.0145902633667	152.74795532226562
			*MESH_VERTEX 12	-16.36711883544922	-14.922517776489258	151.8032684326172
			*MESH_VERTEX 13	-16.73975372314453	-10.863377571105957	154.92398071289062
			*MESH_VERTEX 14	-12.182400703430176	-13.357010841369629	151.8358612060547
			*MESH_VERTEX 15	-12.323758125305176	-16.192890167236328	154.43539428710938
			*MESH_VERTEX 16	-12.540520668029785	-11.870809555053711	158.043701171875
			*MESH_VERTEX 17	-12.363306045532227	-9.994869232177734	154.85777282714844
			*MESH_VERTEX 18	-15.706478118896484	-21.26690673828125	135.57586669921875
			*MESH_VERTEX 19	-13.331167221069336	-23.268552780151367	135.83013916015625
			*MESH_VERTEX 20	-11.249676704406738	-23.700305938720703	135.9490966796875
			*MESH_VERTEX 21	-23.5358943939209	-18.329221725463867	146.00901794433594
			*MESH_VERTEX 22	-16.27125358581543	-18.243160247802734	147.49778747558594
			*MESH_VERTEX 23	-15.897321701049805	-20.889251708984375	138.7868194580078
			*MESH_VERTEX 24	-15.776970863342285	-21.127408981323242	136.76194763183594
			*MESH_VERTEX 25	-14.08065414428711	-19.486827850341797	148.7936248779297
			*MESH_VERTEX 26	-13.818329811096191	-21.342260360717773	144.27947998046875
			*MESH_VERTEX 27	-11.454818725585938	-23.507061004638672	139.53395080566406
			*MESH_VERTEX 28	-13.528180122375488	-23.078786849975586	139.2729034423828
			*MESH_VERTEX 29	-14.377071380615234	-16.323528289794922	153.84768676757812
			*MESH_VERTEX 30	-14.589485168457031	-12.002358436584473	157.37977600097656
			*MESH_VERTEX 31	-12.006969451904297	6.609973430633545	147.8917694091797
			*MESH_VERTEX 32	-12.102108001708984	10.119293212890625	149.40501403808594
			*MESH_VERTEX 33	-11.839138984680176	12.438121795654297	144.69754028320312
			*MESH_VERTEX 34	-11.793137550354004	8.955272674560547	144.04373168945312
			*MESH_VERTEX 35	-28.085037231445312	7.6522135734558105	142.8633270263672
			*MESH_VERTEX 36	-30.877229690551758	6.354281902313232	143.7625732421875
			*MESH_VERTEX 37	-31.693056106567383	3.325577735900879	141.598876953125
			*MESH_VERTEX 38	-29.133468627929688	5.789797306060791	141.643310546875
			*MESH_VERTEX 39	-35.133445739746094	2.4621810913085938	144.6262664794922
			*MESH_VERTEX 40	-34.08799743652344	0.6327212452888489	141.37808227539062
			*MESH_VERTEX 41	-28.729215621948242	1.023635983467102	149.57130432128906
			*MESH_VERTEX 42	-24.06707763671875	1.2088783979415894	152.8273468017578
			*MESH_VERTEX 43	-24.029613494873047	-4.98685884475708	154.1388702392578
			*MESH_VERTEX 44	-30.407878875732422	-5.005122184753418	150.83740234375
			*MESH_VERTEX 45	-23.117372512817383	5.689703464508057	150.17852783203125
			*MESH_VERTEX 46	-26.657819747924805	5.020106315612793	148.119873046875
			*MESH_VERTEX 47	-16.449216842651367	6.283153533935547	152.37161254882812
			*MESH_VERTEX 48	-16.78794288635254	1.2171396017074585	155.2410430908203
			*MESH_VERTEX 49	-32.54702377319336	3.6860640048980713	134.56053161621094
			*MESH_VERTEX 50	-29.285282135009766	6.425412654876709	134.79937744140625
			*MESH_VERTEX 51	-37.567012786865234	-5.027850151062012	144.39093017578125
			*MESH_VERTEX 52	-35.25786209106445	-5.025610446929932	140.20870971679688
			*MESH_VERTEX 53	-11.318066596984863	10.314183235168457	135.6629180908203
			*MESH_VERTEX 54	-11.548136711120605	13.74032974243164	139.5434112548828
			*MESH_VERTEX 55	-23.339765548706055	-4.986395359039307	152.63800048828125
			*MESH_VERTEX 56	-23.129426956176758	-15.435888290405273	145.29319763183594
			*MESH_VERTEX 57	-23.507932662963867	9.762796401977539	135.11024475097656
			*MESH_VERTEX 58	-23.115541458129883	7.946920394897461	135.01625061035156
			*MESH_VERTEX 59	-15.786008834838867	11.262578964233398	135.54949951171875
			*MESH_VERTEX 60	-23.435649871826172	-19.80055809020996	135.1341552734375
			*MESH_VERTEX 61	-11.243246078491211	-20.2965087890625	135.68777465820312
			*MESH_VERTEX 62	-23.052156448364258	-17.983861923217773	135.03724670410156
			*MESH_VERTEX 63	-12.601401329040527	2.3505847454071045	158.4897918701172
			*MESH_VERTEX 64	-12.413207054138184	7.041740417480469	154.98867797851562
			*MESH_VERTEX 65	-12.244331359863281	3.882506847381592	152.16835021972656
			*MESH_VERTEX 66	-12.406648635864258	0.3617648184299469	155.1652069091797
			*MESH_VERTEX 67	-12.485010147094727	-4.929945468902588	156.76876831054688
			*MESH_VERTEX 68	-33.89961242675781	-0.24079415202140808	134.1680450439453
			*MESH_VERTEX 69	-32.77299880981445	-5.017293930053711	142.97186279296875
			*MESH_VERTEX 70	-31.452238082885742	2.290358066558838	134.44313049316406
			*MESH_VERTEX 71	-11.341151237487793	13.718327522277832	135.9187774658203
			*MESH_VERTEX 72	-13.42049503326416	13.276237487792969	135.80052185058594
			*MESH_VERTEX 73	-14.651266098022461	2.4776906967163086	157.82994079589844
			*MESH_VERTEX 74	-14.736112594604492	-4.939818382263184	159.63998413085938
			*MESH_VERTEX 75	-16.834671020507812	-4.949114799499512	156.80174255371094
			*MESH_VERTEX 76	-14.161697387695312	9.944602012634277	148.92869567871094
			*MESH_VERTEX 77	-13.907514572143555	12.05941390991211	144.3842010498047
			*MESH_VERTEX 78	-12.692131042480469	-4.9323577880859375	160.3969268798828
			*MESH_VERTEX 79	-13.619488716125488	13.309256553649902	139.28457641601562
			*MESH_VERTEX 80	-14.46729850769043	7.163002967834473	154.4033203125
			*MESH_VERTEX 81	-16.349546432495117	8.671087265014648	147.71461486816406
			*MESH_VERTEX 82	-36.41622543334961	-5.033197402954102	134.35894775390625
			*MESH_VERTEX 83	-35.33678436279297	-10.680485725402832	134.4244384765625
			*MESH_VERTEX 84	-33.8760986328125	-9.85441780090332	134.17579650878906
			*MESH_VERTEX 85	-34.8134880065918	-5.02927827835083	134.36534118652344
			*MESH_VERTEX 86	-35.36430740356445	0.5785383582115173	134.41529846191406
			*MESH_VERTEX 87	-32.504302978515625	-13.77396297454834	134.57464599609375
			*MESH_VERTEX 88	-31.416393280029297	-12.373128890991211	134.4550018310547
			*MESH_VERTEX 89	-25.50995635986328	-14.873929023742676	144.10037231445312
			*MESH_VERTEX 90	-28.303936004638672	-14.949910163879395	134.74041748046875
			*MESH_VERTEX 91	-26.4708194732666	-18.39981460571289	134.96336364746094
			*MESH_VERTEX 92	-25.715696334838867	-16.737520217895508	134.8991241455078
			*MESH_VERTEX 93	-26.276687622070312	-18.469717025756836	141.86521911621094
			*MESH_VERTEX 94	-23.63547134399414	-19.547725677490234	140.3020782470703
			*MESH_VERTEX 95	-23.579986572265625	7.787235260009766	145.99266052246094
			*MESH_VERTEX 96	-26.290803909301758	7.454927921295166	144.65599060058594
			*MESH_VERTEX 97	-26.536190032958984	8.34195613861084	134.94166564941406
			*MESH_VERTEX 98	-26.419830322265625	8.383543014526367	141.61245727539062
			*MESH_VERTEX 99	-23.16864776611328	5.854006767272949	145.3658447265625
			*MESH_VERTEX 100	-25.55431365966797	5.121735095977783	144.11585998535156
			*MESH_VERTEX 101	-28.352420806884766	4.882787704467773	134.724365234375
			*MESH_VERTEX 102	-25.772947311401367	6.683273792266846	134.880126953125
			*MESH_VERTEX 103	-29.072717666625977	-15.77330493927002	141.63458251953125
			*MESH_VERTEX 104	-31.666963577270508	-13.402999877929688	141.5290069580078
			*MESH_VERTEX 105	-34.06774139404297	-10.716965675354004	141.3472442626953
			*MESH_VERTEX 106	-23.693809509277344	9.719493865966797	137.8767547607422
			*MESH_VERTEX 107	-15.976953506469727	11.035958290100098	138.78863525390625
			*MESH_VERTEX 108	-29.229228973388672	-16.49695587158203	134.8179473876953
			*MESH_VERTEX 109	-28.407886505126953	-5.00170373916626	149.03228759765625
			*MESH_VERTEX 110	4.805338382720947	-8.182417869567871	163.21678161621094
			*MESH_VERTEX 111	-3.537766218185425	0.6025555729866028	166.9744110107422
			*MESH_VERTEX 112	-4.897024154663086	-8.096397399902344	162.97740173339844
			*MESH_VERTEX 113	-7.132478713989258	1.2590376138687134	156.24375915527344
			*MESH_VERTEX 114	0.07937496900558472	-11.056434631347656	148.78994750976562
			*MESH_VERTEX 115	7.358917713165283	1.558974266052246	156.32098388671875
			*MESH_VERTEX 116	3.7849888801574707	0.3773636519908905	166.98480224609375
			*MESH_VERTEX 117	-5.957538604736328	-4.3723907470703125	155.9913787841797
			*MESH_VERTEX 118	6.244257926940918	-4.119647979736328	156.0565643310547
			*MESH_VERTEX 119	-6.496207237243652	-4.626324653625488	164.7495880126953
			*MESH_VERTEX 120	6.413886547088623	-4.9041666984558105	164.8502197265625
			*MESH_VERTEX 121	0.042389221489429474	3.456735134124756	156.1612548828125
			*MESH_VERTEX 122	0.05417365953326225	1.7851464748382568	167.4105224609375
			*MESH_VERTEX 123	-0.022106913849711418	-9.492744445800781	162.27870178222656
			*MESH_VERTEX 124	-14.059951782226562	-22.886505126953125	140.0106658935547
			*MESH_VERTEX 125	-13.269257545471191	-23.287216186523438	138.19203186035156
			*MESH_VERTEX 126	-16.007568359375	-22.8088321685791	138.0352783203125
			*MESH_VERTEX 127	-17.944122314453125	-20.55952262878418	137.92308044433594
			*MESH_VERTEX 128	-17.365581512451172	-20.957738876342773	139.8204345703125
			*MESH_VERTEX 129	-13.84779167175293	-22.88901710510254	136.29461669921875
			*MESH_VERTEX 130	-15.456676483154297	-21.925140380859375	135.42990112304688
			*MESH_VERTEX 131	-17.153409957885742	-20.960243225097656	136.10438537597656
			*MESH_VERTEX 132	-15.756702423095703	-21.92159652709961	140.6852264404297
			*MESH_VERTEX 133	-15.606683731079102	-21.923368453979492	138.0575714111328
		}
		*MESH_FACE_LIST {
			*MESH_FACE    0:    A:    0 B:    3 C:    2 AB:    1 BC:    1 CA:    1	 *MESH_SMOOTHING 0 	*MESH_MTLID 0
			*MESH_FACE    1:    A:    4 B:    6 C:    5 AB:    1 BC:    1 CA:    1	 *MESH_SMOOTHING 0 	*MESH_MTLID 0
			*MESH_FACE    2:    A:    7 B:    9 C:    6 AB:    1 BC:    1 CA:    1	 *MESH_SMOOTHING 0 	*MESH_MTLID 0
			*MESH_FACE    3:    A:    10 B:    11 C:    7 AB:    1 BC:    1 CA:    1	 *MESH_SMOOTHING 0 	*MESH_MTLID 0
			*MESH_FACE    4:    A:    12 B:    13 C:    11 AB:    1 BC:    1 CA:    1	 *MESH_SMOOTHING 0 	*MESH_MTLID 0
			*MESH_FACE    5:    A:    14 B:    17 C:    15 AB:    1 BC:    1 CA:    1	 *MESH_SMOOTHING 0 	*MESH_MTLID 0
			*MESH_FACE    6:    A:    18 B:    20 C:    19 AB:    1 BC:    1 CA:    1	 *MESH_SMOOTHING 0 	*MESH_MTLID 0
			*MESH_FACE    7:    A:    21 B:    24 C:    23 AB:    1 BC:    1 CA:    1	 *MESH_SMOOTHING 0 	*MESH_MTLID 0
			*MESH_FACE    8:    A:    25 B:    26 C:    1 AB:    1 BC:    1 CA:    1	 *MESH_SMOOTHING 0 	*MESH_MTLID 0
			*MESH_FACE    9:    A:    26 B:    28 C:    27 AB:    1 BC:    1 CA:    1	 *MESH_SMOOTHING 0 	*MESH_MTLID 0
			*MESH_FACE    10:    A:    28 B:    19 C:    20 AB:    1 BC:    1 CA:    1	 *MESH_SMOOTHING 0 	*MESH_MTLID 0
			*MESH_FACE    11:    A:    15 B:    16 C:    30 AB:    1 BC:    1 CA:    1	 *MESH_SMOOTHING 0 	*MESH_MTLID 0
			*MESH_FACE    12:    A:    2 B:    15 C:    29 AB:    1 BC:    1 CA:    1	 *MESH_SMOOTHING 0 	*MESH_MTLID 0
			*MESH_FACE    13:    A:    23 B:    28 C:    26 AB:    1 BC:    1 CA:    1	 *MESH_SMOOTHING 0 	*MESH_MTLID 0
			*MESH_FACE    14:    A:    12 B:    29 C:    13 AB:    1 BC:    1 CA:    1	 *MESH_SMOOTHING 0 	*MESH_MTLID 0
			*MESH_FACE    15:    A:    31 B:    34 C:    32 AB:    1 BC:    1 CA:    1	 *MESH_SMOOTHING 0 	*MESH_MTLID 0
			*MESH_FACE    16:    A:    35 B:    38 C:    36 AB:    1 BC:    1 CA:    1	 *MESH_SMOOTHING 0 	*MESH_MTLID 0
			*MESH_FACE    17:    A:    36 B:    37 C:    39 AB:    1 BC:    1 CA:    1	 *MESH_SMOOTHING 0 	*MESH_MTLID 0
			*MESH_FACE    18:    A:    41 B:    44 C:    43 AB:    1 BC:    1 CA:    1	 *MESH_SMOOTHING 0 	*MESH_MTLID 0
			*MESH_FACE    19:    A:    45 B:    46 C:    42 AB:    1 BC:    1 CA:    1	 *MESH_SMOOTHING 0 	*MESH_MTLID 0
			*MESH_FACE    20:    A:    47 B:    45 C:    42 AB:    1 BC:    1 CA:    1	 *MESH_SMOOTHING 0 	*MESH_MTLID 0
			*MESH_FACE    21:    A:    38 B:    50 C:    37 AB:    1 BC:    1 CA:    1	 *MESH_SMOOTHING 0 	*MESH_MTLID 0
			*MESH_FACE    22:    A:    40 B:    52 C:    51 AB:    1 BC:    1 CA:    1	 *MESH_SMOOTHING 0 	*MESH_MTLID 0
			*MESH_FACE    23:    A:    53 B:    54 C:    34 AB:    1 BC:    1 CA:    1	 *MESH_SMOOTHING 0 	*MESH_MTLID 0
			*MESH_FACE    24:    A:    14 B:    3 C:    56 AB:    1 BC:    1 CA:    1	 *MESH_SMOOTHING 0 	*MESH_MTLID 0
			*MESH_FACE    25:    A:    57 B:    59 C:    58 AB:    1 BC:    1 CA:    1	 *MESH_SMOOTHING 0 	*MESH_MTLID 0
			*MESH_FACE    26:    A:    60 B:    62 C:    18 AB:    1 BC:    1 CA:    1	 *MESH_SMOOTHING 0 	*MESH_MTLID 0
			*MESH_FACE    27:    A:    63 B:    66 C:    64 AB:    1 BC:    1 CA:    1	 *MESH_SMOOTHING 0 	*MESH_MTLID 0
			*MESH_FACE    28:    A:    66 B:    67 C:    65 AB:    1 BC:    1 CA:    1	 *MESH_SMOOTHING 0 	*MESH_MTLID 0
			*MESH_FACE    29:    A:    17 B:    14 C:    67 AB:    1 BC:    1 CA:    1	 *MESH_SMOOTHING 0 	*MESH_MTLID 0
			*MESH_FACE    30:    A:    68 B:    70 C:    69 AB:    1 BC:    1 CA:    1	 *MESH_SMOOTHING 0 	*MESH_MTLID 0
			*MESH_FACE    31:    A:    71 B:    59 C:    72 AB:    1 BC:    1 CA:    1	 *MESH_SMOOTHING 0 	*MESH_MTLID 0
			*MESH_FACE    32:    A:    48 B:    75 C:    73 AB:    1 BC:    1 CA:    1	 *MESH_SMOOTHING 0 	*MESH_MTLID 0
			*MESH_FACE    33:    A:    42 B:    43 C:    48 AB:    1 BC:    1 CA:    1	 *MESH_SMOOTHING 0 	*MESH_MTLID 0
			*MESH_FACE    34:    A:    76 B:    32 C:    33 AB:    1 BC:    1 CA:    1	 *MESH_SMOOTHING 0 	*MESH_MTLID 0
			*MESH_FACE    35:    A:    73 B:    74 C:    63 AB:    1 BC:    1 CA:    1	 *MESH_SMOOTHING 0 	*MESH_MTLID 0
			*MESH_FACE    36:    A:    77 B:    33 C:    54 AB:    1 BC:    1 CA:    1	 *MESH_SMOOTHING 0 	*MESH_MTLID 0
			*MESH_FACE    37:    A:    79 B:    54 C:    71 AB:    1 BC:    1 CA:    1	 *MESH_SMOOTHING 0 	*MESH_MTLID 0
			*MESH_FACE    38:    A:    64 B:    80 C:    73 AB:    1 BC:    1 CA:    1	 *MESH_SMOOTHING 0 	*MESH_MTLID 0
			*MESH_FACE    39:    A:    32 B:    76 C:    80 AB:    1 BC:    1 CA:    1	 *MESH_SMOOTHING 0 	*MESH_MTLID 0
			*MESH_FACE    40:    A:    47 B:    48 C:    80 AB:    1 BC:    1 CA:    1	 *MESH_SMOOTHING 0 	*MESH_MTLID 0
			*MESH_FACE    41:    A:    81 B:    47 C:    76 AB:    1 BC:    1 CA:    1	 *MESH_SMOOTHING 0 	*MESH_MTLID 0
			*MESH_FACE    42:    A:    9 B:    11 C:    43 AB:    1 BC:    1 CA:    1	 *MESH_SMOOTHING 0 	*MESH_MTLID 0
			*MESH_FACE    43:    A:    8 B:    9 C:    44 AB:    1 BC:    1 CA:    1	 *MESH_SMOOTHING 0 	*MESH_MTLID 0
			*MESH_FACE    44:    A:    82 B:    85 C:    84 AB:    1 BC:    1 CA:    1	 *MESH_SMOOTHING 0 	*MESH_MTLID 0
			*MESH_FACE    45:    A:    13 B:    30 C:    75 AB:    1 BC:    1 CA:    1	 *MESH_SMOOTHING 0 	*MESH_MTLID 0
			*MESH_FACE    46:    A:    11 B:    13 C:    43 AB:    1 BC:    1 CA:    1	 *MESH_SMOOTHING 0 	*MESH_MTLID 0
			*MESH_FACE    47:    A:    30 B:    16 C:    74 AB:    1 BC:    1 CA:    1	 *MESH_SMOOTHING 0 	*MESH_MTLID 0
			*MESH_FACE    48:    A:    3 B:    14 C:    2 AB:    1 BC:    1 CA:    1	 *MESH_SMOOTHING 0 	*MESH_MTLID 0
			*MESH_FACE    49:    A:    65 B:    31 C:    32 AB:    1 BC:    1 CA:    1	 *MESH_SMOOTHING 0 	*MESH_MTLID 0
			*MESH_FACE    50:    A:    18 B:    61 C:    20 AB:    1 BC:    1 CA:    1	 *MESH_SMOOTHING 0 	*MESH_MTLID 0
			*MESH_FACE    51:    A:    82 B:    86 C:    68 AB:    1 BC:    1 CA:    1	 *MESH_SMOOTHING 0 	*MESH_MTLID 0
			*MESH_FACE    52:    A:    83 B:    84 C:    87 AB:    1 BC:    1 CA:    1	 *MESH_SMOOTHING 0 	*MESH_MTLID 0
			*MESH_FACE    53:    A:    0 B:    1 C:    27 AB:    1 BC:    1 CA:    1	 *MESH_SMOOTHING 0 	*MESH_MTLID 0
			*MESH_FACE    54:    A:    89 B:    90 C:    88 AB:    1 BC:    1 CA:    1	 *MESH_SMOOTHING 0 	*MESH_MTLID 0
			*MESH_FACE    55:    A:    61 B:    27 C:    20 AB:    1 BC:    1 CA:    1	 *MESH_SMOOTHING 0 	*MESH_MTLID 0
			*MESH_FACE    56:    A:    91 B:    92 C:    62 AB:    1 BC:    1 CA:    1	 *MESH_SMOOTHING 0 	*MESH_MTLID 0
			*MESH_FACE    57:    A:    71 B:    53 C:    59 AB:    1 BC:    1 CA:    1	 *MESH_SMOOTHING 0 	*MESH_MTLID 0
			*MESH_FACE    58:    A:    16 B:    17 C:    67 AB:    1 BC:    1 CA:    1	 *MESH_SMOOTHING 0 	*MESH_MTLID 0
			*MESH_FACE    59:    A:    78 B:    67 C:    63 AB:    1 BC:    1 CA:    1	 *MESH_SMOOTHING 0 	*MESH_MTLID 0
			*MESH_FACE    60:    A:    71 B:    54 C:    53 AB:    1 BC:    1 CA:    1	 *MESH_SMOOTHING 0 	*MESH_MTLID 0
			*MESH_FACE    61:    A:    21 B:    10 C:    7 AB:    1 BC:    1 CA:    1	 *MESH_SMOOTHING 0 	*MESH_MTLID 0
			*MESH_FACE    62:    A:    22 B:    12 C:    10 AB:    1 BC:    1 CA:    1	 *MESH_SMOOTHING 0 	*MESH_MTLID 0
			*MESH_FACE    63:    A:    4 B:    5 C:    93 AB:    1 BC:    1 CA:    1	 *MESH_SMOOTHING 0 	*MESH_MTLID 0
			*MESH_FACE    64:    A:    21 B:    4 C:    93 AB:    1 BC:    1 CA:    1	 *MESH_SMOOTHING 0 	*MESH_MTLID 0
			*MESH_FACE    65:    A:    22 B:    26 C:    25 AB:    1 BC:    1 CA:    1	 *MESH_SMOOTHING 0 	*MESH_MTLID 0
			*MESH_FACE    66:    A:    22 B:    25 C:    12 AB:    1 BC:    1 CA:    1	 *MESH_SMOOTHING 0 	*MESH_MTLID 0
			*MESH_FACE    67:    A:    95 B:    96 C:    46 AB:    1 BC:    1 CA:    1	 *MESH_SMOOTHING 0 	*MESH_MTLID 0
			*MESH_FACE    68:    A:    81 B:    95 C:    45 AB:    1 BC:    1 CA:    1	 *MESH_SMOOTHING 0 	*MESH_MTLID 0
			*MESH_FACE    69:    A:    38 B:    98 C:    97 AB:    1 BC:    1 CA:    1	 *MESH_SMOOTHING 0 	*MESH_MTLID 0
			*MESH_FACE    70:    A:    81 B:    76 C:    77 AB:    1 BC:    1 CA:    1	 *MESH_SMOOTHING 0 	*MESH_MTLID 0
			*MESH_FACE    71:    A:    65 B:    55 C:    99 AB:    1 BC:    1 CA:    1	 *MESH_SMOOTHING 0 	*MESH_MTLID 0
			*MESH_FACE    72:    A:    65 B:    67 C:    55 AB:    1 BC:    1 CA:    1	 *MESH_SMOOTHING 0 	*MESH_MTLID 0
			*MESH_FACE    73:    A:    14 B:    55 C:    67 AB:    1 BC:    1 CA:    1	 *MESH_SMOOTHING 0 	*MESH_MTLID 0
			*MESH_FACE    74:    A:    69 B:    85 C:    68 AB:    1 BC:    1 CA:    1	 *MESH_SMOOTHING 0 	*MESH_MTLID 0
			*MESH_FACE    75:    A:    69 B:    70 C:    100 AB:    1 BC:    1 CA:    1	 *MESH_SMOOTHING 0 	*MESH_MTLID 0
			*MESH_FACE    76:    A:    89 B:    92 C:    90 AB:    1 BC:    1 CA:    1	 *MESH_SMOOTHING 0 	*MESH_MTLID 0
			*MESH_FACE    77:    A:    100 B:    101 C:    102 AB:    1 BC:    1 CA:    1	 *MESH_SMOOTHING 0 	*MESH_MTLID 0
			*MESH_FACE    78:    A:    69 B:    84 C:    85 AB:    1 BC:    1 CA:    1	 *MESH_SMOOTHING 0 	*MESH_MTLID 0
			*MESH_FACE    79:    A:    5 B:    6 C:    103 AB:    1 BC:    1 CA:    1	 *MESH_SMOOTHING 0 	*MESH_MTLID 0
			*MESH_FACE    80:    A:    5 B:    103 C:    93 AB:    1 BC:    1 CA:    1	 *MESH_SMOOTHING 0 	*MESH_MTLID 0
			*MESH_FACE    81:    A:    105 B:    8 C:    51 AB:    1 BC:    1 CA:    1	 *MESH_SMOOTHING 0 	*MESH_MTLID 0
			*MESH_FACE    82:    A:    6 B:    8 C:    104 AB:    1 BC:    1 CA:    1	 *MESH_SMOOTHING 0 	*MESH_MTLID 0
			*MESH_FACE    83:    A:    96 B:    98 C:    35 AB:    1 BC:    1 CA:    1	 *MESH_SMOOTHING 0 	*MESH_MTLID 0
			*MESH_FACE    84:    A:    39 B:    51 C:    44 AB:    1 BC:    1 CA:    1	 *MESH_SMOOTHING 0 	*MESH_MTLID 0
			*MESH_FACE    85:    A:    96 B:    35 C:    36 AB:    1 BC:    1 CA:    1	 *MESH_SMOOTHING 0 	*MESH_MTLID 0
			*MESH_FACE    86:    A:    95 B:    106 C:    98 AB:    1 BC:    1 CA:    1	 *MESH_SMOOTHING 0 	*MESH_MTLID 0
			*MESH_FACE    87:    A:    46 B:    36 C:    41 AB:    1 BC:    1 CA:    1	 *MESH_SMOOTHING 0 	*MESH_MTLID 0
			*MESH_FACE    88:    A:    107 B:    59 C:    106 AB:    1 BC:    1 CA:    1	 *MESH_SMOOTHING 0 	*MESH_MTLID 0
			*MESH_FACE    89:    A:    35 B:    98 C:    38 AB:    1 BC:    1 CA:    1	 *MESH_SMOOTHING 0 	*MESH_MTLID 0
			*MESH_FACE    90:    A:    106 B:    59 C:    57 AB:    1 BC:    1 CA:    1	 *MESH_SMOOTHING 0 	*MESH_MTLID 0
			*MESH_FACE    91:    A:    59 B:    107 C:    72 AB:    1 BC:    1 CA:    1	 *MESH_SMOOTHING 0 	*MESH_MTLID 0
			*MESH_FACE    92:    A:    106 B:    97 C:    98 AB:    1 BC:    1 CA:    1	 *MESH_SMOOTHING 0 	*MESH_MTLID 0
			*MESH_FACE    93:    A:    107 B:    81 C:    77 AB:    1 BC:    1 CA:    1	 *MESH_SMOOTHING 0 	*MESH_MTLID 0
			*MESH_FACE    94:    A:    95 B:    81 C:    107 AB:    1 BC:    1 CA:    1	 *MESH_SMOOTHING 0 	*MESH_MTLID 0
			*MESH_FACE    95:    A:    103 B:    104 C:    108 AB:    1 BC:    1 CA:    1	 *MESH_SMOOTHING 0 	*MESH_MTLID 0
			*MESH_FACE    96:    A:    104 B:    105 C:    87 AB:    1 BC:    1 CA:    1	 *MESH_SMOOTHING 0 	*MESH_MTLID 0
			*MESH_FACE    97:    A:    87 B:    88 C:    108 AB:    1 BC:    1 CA:    1	 *MESH_SMOOTHING 0 	*MESH_MTLID 0
			*MESH_FACE    98:    A:    24 B:    19 C:    28 AB:    1 BC:    1 CA:    1	 *MESH_SMOOTHING 0 	*MESH_MTLID 0
			*MESH_FACE    99:    A:    86 B:    82 C:    52 AB:    1 BC:    1 CA:    1	 *MESH_SMOOTHING 0 	*MESH_MTLID 0
			*MESH_FACE    100:    A:    37 B:    49 C:    40 AB:    1 BC:    1 CA:    1	 *MESH_SMOOTHING 0 	*MESH_MTLID 0
			*MESH_FACE    101:    A:    49 B:    50 C:    70 AB:    1 BC:    1 CA:    1	 *MESH_SMOOTHING 0 	*MESH_MTLID 0
			*MESH_FACE    102:    A:    86 B:    49 C:    68 AB:    1 BC:    1 CA:    1	 *MESH_SMOOTHING 0 	*MESH_MTLID 0
			*MESH_FACE    103:    A:    50 B:    97 C:    102 AB:    1 BC:    1 CA:    1	 *MESH_SMOOTHING 0 	*MESH_MTLID 0
