*3DSMAX_ASCIIEXPORT	110
*COMMENT "[ Kerrax ASCII Model Exporter ] - Oct 27 2012"
*SCENE {
	*SCENE_FILENAME ""
	*SCENE_FIRSTFRAME 1
	*SCENE_LASTFRAME 4
	*SCENE_FRAMESPEED 25
	*SCENE_TICKSPERFRAME 192
	*SCENE_BACKGROUND_STATIC 0	0	0
	*SCENE_AMBIENT_STATIC 0.2	0.2	0.2
}
*HELPEROBJECT {
	*NODE_NAME "Bip01"
	*NODE_TM {
		*NODE_NAME "Bip01"
		*TM_ROW0 -3.88622e-005	-0.99993	0.011873
		*TM_ROW1 1	-3.88622e-005	2.30968e-007
		*TM_ROW2 2.29105e-007	0.011873	0.999929
		*TM_ROW3 -0.0986952	-33.5832	255.183
		*TM_POS -0.0986952	-33.5832	255.183
		*TM_ROTAXIS 0.00593637	0.00593637	0.999965
		*TM_ROTANGLE 1.57087
		*TM_SCALE 1	1	1
		*TM_SCALEAXIS 0	0	0
		*TM_SCALEAXISANG 0	0	0
	}
	*TM_ANIMATION {
		*NODE_NAME "Bip01"
		*CONTROL_POS_TRACK {
			*CONTROL_POS_SAMPLE 192	-0.0986952	-33.5832	255.183
			*CONTROL_POS_SAMPLE 384	-0.0986952	-33.5832	255.183
			*CONTROL_POS_SAMPLE 576	-0.0986952	-33.5832	255.183
			*CONTROL_POS_SAMPLE 768	-0.0986952	-33.5832	255.183
		}
		*CONTROL_ROT_TRACK {
			*CONTROL_ROT_SAMPLE 192	0.00593637	0.00593637	0.999965	1.57087
			*CONTROL_ROT_SAMPLE 384	0.00593637	0.00593637	0.999965	1.57087
			*CONTROL_ROT_SAMPLE 576	0.00593637	0.00593637	0.999965	1.57087
			*CONTROL_ROT_SAMPLE 768	0.00593637	0.00593637	0.999965	1.57087
		}
		*CONTROL_SCALE_TRACK {
			*CONTROL_SCALE_SAMPLE 0 1 1 1 0 0 0 0
		}
	}
}
*HELPEROBJECT {
	*NODE_NAME "Bip01 Pelvis"
	*NODE_PARENT "Bip01"
	*NODE_TM {
		*NODE_NAME "Bip01 Pelvis"
		*TM_ROW0 3.57628e-007	0.0117711	0.999931
		*TM_ROW1 0.000549351	-0.999931	0.0117711
		*TM_ROW2 1	0.000549308	-6.91414e-006
		*TM_ROW3 -0.0992772	-33.5826	255.183
		*TM_POS -0.0992772	-33.5826	255.183
		*TM_ROTAXIS -0.707101	-0.00435604	-0.707099
		*TM_ROTANGLE 3.13366
		*TM_SCALE 1	1	1
		*TM_SCALEAXIS 0	0	0
		*TM_SCALEAXISANG 0	0	0
	}
	*TM_ANIMATION {
		*NODE_NAME "Bip01 Pelvis"
		*CONTROL_POS_TRACK {
			*CONTROL_POS_SAMPLE 192	-0.0992772	-33.5826	255.183
			*CONTROL_POS_SAMPLE 384	-0.0992772	-33.5826	255.183
			*CONTROL_POS_SAMPLE 576	-0.0992772	-33.5826	255.183
			*CONTROL_POS_SAMPLE 768	-0.0992772	-33.5826	255.183
		}
		*CONTROL_ROT_TRACK {
			*CONTROL_ROT_SAMPLE 192	-0.707101	-0.00435604	-0.707099	3.13366
			*CONTROL_ROT_SAMPLE 384	-0.707101	-0.00435604	-0.707099	3.13366
			*CONTROL_ROT_SAMPLE 576	-0.707101	-0.00435604	-0.707099	3.13366
			*CONTROL_ROT_SAMPLE 768	-0.707101	-0.00435604	-0.707099	3.13366
		}
		*CONTROL_SCALE_TRACK {
			*CONTROL_SCALE_SAMPLE 0 1 1 1 0 0 0 0
		}
	}
}
*HELPEROBJECT {
	*NODE_NAME "Bip01 Spine"
	*NODE_PARENT "Bip01 Pelvis"
	*NODE_TM {
		*NODE_NAME "Bip01 Spine"
		*TM_ROW0 7.7486e-007	0.0110014	0.99994
		*TM_ROW1 0.000551454	-0.999939	0.0110014
		*TM_ROW2 1	0.00055141	-6.91414e-006
		*TM_ROW3 -0.0998069	-33.3007	274.146
		*TM_POS -0.0998069	-33.3007	274.146
		*TM_ROTAXIS -0.707102	-0.00408463	-0.707099
		*TM_ROTANGLE 3.1342
		*TM_SCALE 1	1	1
		*TM_SCALEAXIS 0	0	0
		*TM_SCALEAXISANG 0	0	0
	}
	*TM_ANIMATION {
		*NODE_NAME "Bip01 Spine"
		*CONTROL_POS_TRACK {
			*CONTROL_POS_SAMPLE 192	-0.0998069	-33.3007	274.146
			*CONTROL_POS_SAMPLE 384	-0.0998069	-33.3007	274.146
			*CONTROL_POS_SAMPLE 576	-0.0998069	-33.3007	274.146
			*CONTROL_POS_SAMPLE 768	-0.0998069	-33.3007	274.146
		}
		*CONTROL_ROT_TRACK {
			*CONTROL_ROT_SAMPLE 192	-0.707102	-0.00408463	-0.707099	3.1342
			*CONTROL_ROT_SAMPLE 384	-0.707102	-0.00408463	-0.707099	3.1342
			*CONTROL_ROT_SAMPLE 576	-0.707102	-0.00408463	-0.707099	3.1342
			*CONTROL_ROT_SAMPLE 768	-0.707102	-0.00408463	-0.707099	3.1342
		}
		*CONTROL_SCALE_TRACK {
			*CONTROL_SCALE_SAMPLE 0 1 1 1 0 0 0 0
		}
	}
}
*HELPEROBJECT {
	*NODE_NAME "Bip01 Spine1"
	*NODE_PARENT "Bip01 Spine"
	*NODE_TM {
		*NODE_NAME "Bip01 Spine1"
		*TM_ROW0 7.7486e-007	0.0110014	0.99994
		*TM_ROW1 0.000551457	-0.999939	0.0110014
		*TM_ROW2 1	0.000551414	-6.91414e-006
		*TM_ROW3 -0.100313	-32.4308	342.025
		*TM_POS -0.100313	-32.4308	342.025
		*TM_ROTAXIS -0.707102	-0.00408463	-0.707099
		*TM_ROTANGLE 3.1342
		*TM_SCALE 1	1	1
		*TM_SCALEAXIS 0	0	0
		*TM_SCALEAXISANG 0	0	0
	}
	*TM_ANIMATION {
		*NODE_NAME "Bip01 Spine1"
		*CONTROL_POS_TRACK {
			*CONTROL_POS_SAMPLE 192	-0.100313	-32.4308	342.025
			*CONTROL_POS_SAMPLE 384	-0.100313	-32.4308	342.025
			*CONTROL_POS_SAMPLE 576	-0.100313	-32.4308	342.025
			*CONTROL_POS_SAMPLE 768	-0.100313	-32.4308	342.025
		}
		*CONTROL_ROT_TRACK {
			*CONTROL_ROT_SAMPLE 192	-0.707102	-0.00408463	-0.707099	3.1342
			*CONTROL_ROT_SAMPLE 384	-0.707102	-0.00408463	-0.707099	3.1342
			*CONTROL_ROT_SAMPLE 576	-0.707102	-0.00408463	-0.707099	3.1342
			*CONTROL_ROT_SAMPLE 768	-0.707102	-0.00408463	-0.707099	3.1342
		}
		*CONTROL_SCALE_TRACK {
			*CONTROL_SCALE_SAMPLE 0 1 1 1 0 0 0 0
		}
	}
}
*HELPEROBJECT {
	*NODE_NAME "Bip01 Neck"
	*NODE_PARENT "Bip01 Spine1"
	*NODE_TM {
		*NODE_NAME "Bip01 Neck"
		*TM_ROW0 0.000531793	-0.968723	-0.248146
		*TM_ROW1 -0.00014323	0.248146	-0.968723
		*TM_ROW2 1	0.000550807	-6.91414e-006
		*TM_ROW3 -0.100824	-30.7778	495.406
		*TM_POS -0.100824	-30.7778	495.406
		*TM_ROTAXIS 0.522939	-0.673395	0.522565
		*TM_ROTANGLE 1.95591
		*TM_SCALE 1	1	1
		*TM_SCALEAXIS 0	0	0
		*TM_SCALEAXISANG 0	0	0
	}
	*TM_ANIMATION {
		*NODE_NAME "Bip01 Neck"
		*CONTROL_POS_TRACK {
			*CONTROL_POS_SAMPLE 192	-0.100824	-30.7778	495.406
			*CONTROL_POS_SAMPLE 384	-0.100824	-30.7778	495.406
			*CONTROL_POS_SAMPLE 576	-0.100824	-30.7778	495.406
			*CONTROL_POS_SAMPLE 768	-0.100824	-30.7778	495.406
		}
		*CONTROL_ROT_TRACK {
			*CONTROL_ROT_SAMPLE 192	0.522939	-0.673395	0.522565	1.95591
			*CONTROL_ROT_SAMPLE 384	0.522939	-0.673395	0.522565	1.95591
			*CONTROL_ROT_SAMPLE 576	0.522939	-0.673395	0.522565	1.95591
			*CONTROL_ROT_SAMPLE 768	0.522939	-0.673395	0.522565	1.95591
		}
		*CONTROL_SCALE_TRACK {
			*CONTROL_SCALE_SAMPLE 0 1 1 1 0 0 0 0
		}
	}
}
*HELPEROBJECT {
	*NODE_NAME "Bip01 Head"
	*NODE_PARENT "Bip01 Neck"
	*NODE_TM {
		*NODE_NAME "Bip01 Head"
		*TM_ROW0 -0.152086	0.276453	0.948917
		*TM_ROW1 0.473637	-0.822281	0.315471
		*TM_ROW2 0.867489	0.497421	-0.00588143
		*TM_ROW3 -0.00705891	-201.46	451.685
		*TM_POS -0.00705891	-201.46	451.685
		*TM_ROTAXIS -0.648921	-0.29041	-0.703252
		*TM_ROTANGLE 3.28225
		*TM_SCALE 1	1	1
		*TM_SCALEAXIS 0	0	0
		*TM_SCALEAXISANG 0	0	0
	}
	*TM_ANIMATION {
		*NODE_NAME "Bip01 Head"
		*CONTROL_POS_TRACK {
			*CONTROL_POS_SAMPLE 192	-0.00705891	-201.46	451.685
			*CONTROL_POS_SAMPLE 384	-0.00705891	-201.46	451.685
			*CONTROL_POS_SAMPLE 576	-0.00705891	-201.46	451.685
			*CONTROL_POS_SAMPLE 768	-0.00705891	-201.46	451.685
		}
		*CONTROL_ROT_TRACK {
			*CONTROL_ROT_SAMPLE 192	-0.648921	-0.29041	-0.703252	3.28225
			*CONTROL_ROT_SAMPLE 384	-0.687524	0.122802	-0.715703	2.49401
			*CONTROL_ROT_SAMPLE 576	-0.766518	-0.118801	-0.631139	3.4351
			*CONTROL_ROT_SAMPLE 768	-0.608008	0.27806	-0.743646	2.86313
		}
		*CONTROL_SCALE_TRACK {
			*CONTROL_SCALE_SAMPLE 0 1 1 1 0 0 0 0
		}
	}
}
*HELPEROBJECT {
	*NODE_NAME "Bip01 L Clavicle"
	*NODE_PARENT "Bip01 Neck"
	*NODE_TM {
		*NODE_NAME "Bip01 L Clavicle"
		*TM_ROW0 0.980055	-0.0018011	-0.198719
		*TM_ROW1 -0.000591521	0.999928	-0.0119802
		*TM_ROW2 0.198726	0.0118588	0.979983
		*TM_ROW3 127.149	-30.1624	537.468
		*TM_POS 127.149	-30.1624	537.468
		*TM_ROTAXIS 0.0598728	-0.998201	0.00303791
		*TM_ROTANGLE 0.200419
		*TM_SCALE 1	1	1
		*TM_SCALEAXIS 0	0	0
		*TM_SCALEAXISANG 0	0	0
	}
	*TM_ANIMATION {
		*NODE_NAME "Bip01 L Clavicle"
		*CONTROL_POS_TRACK {
			*CONTROL_POS_SAMPLE 192	127.149	-30.1624	537.468
			*CONTROL_POS_SAMPLE 384	127.149	-30.1624	537.468
			*CONTROL_POS_SAMPLE 576	127.149	-30.1624	537.468
			*CONTROL_POS_SAMPLE 768	127.149	-30.1624	537.468
		}
		*CONTROL_ROT_TRACK {
			*CONTROL_ROT_SAMPLE 192	0.0598728	-0.998201	0.00303791	0.200419
			*CONTROL_ROT_SAMPLE 384	0.0598728	-0.998201	0.00303791	0.200419
			*CONTROL_ROT_SAMPLE 576	0.0598728	-0.998201	0.00303791	0.200419
			*CONTROL_ROT_SAMPLE 768	0.0598728	-0.998201	0.00303791	0.200419
		}
		*CONTROL_SCALE_TRACK {
			*CONTROL_SCALE_SAMPLE 0 1 1 1 0 0 0 0
		}
	}
}
*HELPEROBJECT {
	*NODE_NAME "Bip01 L UpperArm"
	*NODE_PARENT "Bip01 L Clavicle"
	*NODE_TM {
		*NODE_NAME "Bip01 L UpperArm"
		*TM_ROW0 0.487341	0.207873	-0.848108
		*TM_ROW1 -0.0925585	0.978077	0.186542
		*TM_ROW2 0.868293	-0.01241	0.495897
		*TM_ROW3 206.669	-30.3092	521.345
		*TM_POS 206.669	-30.3092	521.345
		*TM_ROTAXIS -0.11344	-0.978666	-0.171301
		*TM_ROTANGLE 1.06939
		*TM_SCALE 1	1	1
		*TM_SCALEAXIS 0	0	0
		*TM_SCALEAXISANG 0	0	0
	}
	*TM_ANIMATION {
		*NODE_NAME "Bip01 L UpperArm"
		*CONTROL_POS_TRACK {
			*CONTROL_POS_SAMPLE 192	206.669	-30.3092	521.345
			*CONTROL_POS_SAMPLE 384	206.669	-30.3092	521.345
			*CONTROL_POS_SAMPLE 576	206.669	-30.3092	521.345
			*CONTROL_POS_SAMPLE 768	206.669	-30.3092	521.345
		}
		*CONTROL_ROT_TRACK {
			*CONTROL_ROT_SAMPLE 192	-0.11344	-0.978666	-0.171301	1.06939
			*CONTROL_ROT_SAMPLE 384	-0.11344	-0.978666	-0.171301	1.06939
			*CONTROL_ROT_SAMPLE 576	-0.11344	-0.978666	-0.171301	1.06939
			*CONTROL_ROT_SAMPLE 768	-0.11344	-0.978666	-0.171301	1.06939
		}
		*CONTROL_SCALE_TRACK {
			*CONTROL_SCALE_SAMPLE 0 1 1 1 0 0 0 0
		}
	}
}
*HELPEROBJECT {
	*NODE_NAME "Bip01 L Forearm"
	*NODE_PARENT "Bip01 L UpperArm"
	*NODE_TM {
		*NODE_NAME "Bip01 L Forearm"
		*TM_ROW0 0.479886	-0.232086	-0.846076
		*TM_ROW1 0.12559	0.972616	-0.195564
		*TM_ROW2 0.868295	-0.0124108	0.495893
		*TM_ROW3 274.685	-1.29699	402.975
		*TM_POS 274.685	-1.29699	402.975
		*TM_ROTAXIS 0.104015	-0.973612	0.203129
		*TM_ROTANGLE 1.07674
		*TM_SCALE 1	1	1
		*TM_SCALEAXIS 0	0	0
		*TM_SCALEAXISANG 0	0	0
	}
	*TM_ANIMATION {
		*NODE_NAME "Bip01 L Forearm"
		*CONTROL_POS_TRACK {
			*CONTROL_POS_SAMPLE 192	274.685	-1.29699	402.975
			*CONTROL_POS_SAMPLE 384	274.685	-1.29699	402.975
			*CONTROL_POS_SAMPLE 576	274.685	-1.29699	402.975
			*CONTROL_POS_SAMPLE 768	274.685	-1.29699	402.975
		}
		*CONTROL_ROT_TRACK {
			*CONTROL_ROT_SAMPLE 192	0.104015	-0.973612	0.203129	1.07674
			*CONTROL_ROT_SAMPLE 384	0.104015	-0.973612	0.203129	1.07674
			*CONTROL_ROT_SAMPLE 576	0.104015	-0.973612	0.203129	1.07674
			*CONTROL_ROT_SAMPLE 768	0.104015	-0.973612	0.203129	1.07674
		}
		*CONTROL_SCALE_TRACK {
			*CONTROL_SCALE_SAMPLE 0 1 1 1 0 0 0 0
		}
	}
}
*HELPEROBJECT {
	*NODE_NAME "Bip01 L Hand"
	*NODE_PARENT "Bip01 L Forearm"
	*NODE_TM {
		*NODE_NAME "Bip01 L Hand"
		*TM_ROW0 0.244376	-0.221361	-0.944076
		*TM_ROW1 -0.961407	0.0715958	-0.26565
		*TM_ROW2 0.126396	0.97256	-0.195322
		*TM_ROW3 342.479	-34.0837	283.451
		*TM_POS 342.479	-34.0837	283.451
		*TM_ROTAXIS 0.689306	-0.595927	-0.41198
		*TM_ROTANGLE 2.02603
		*TM_SCALE 1	1	1
		*TM_SCALEAXIS 0	0	0
		*TM_SCALEAXISANG 0	0	0
	}
	*TM_ANIMATION {
		*NODE_NAME "Bip01 L Hand"
		*CONTROL_POS_TRACK {
			*CONTROL_POS_SAMPLE 192	342.479	-34.0837	283.451
			*CONTROL_POS_SAMPLE 384	342.479	-34.0837	283.451
			*CONTROL_POS_SAMPLE 576	342.479	-34.0837	283.451
			*CONTROL_POS_SAMPLE 768	342.479	-34.0837	283.451
		}
		*CONTROL_ROT_TRACK {
			*CONTROL_ROT_SAMPLE 192	0.689306	-0.595927	-0.41198	2.02603
			*CONTROL_ROT_SAMPLE 384	0.689306	-0.595927	-0.41198	2.02603
			*CONTROL_ROT_SAMPLE 576	0.689306	-0.595927	-0.41198	2.02603
			*CONTROL_ROT_SAMPLE 768	0.689306	-0.595927	-0.41198	2.02603
		}
		*CONTROL_SCALE_TRACK {
			*CONTROL_SCALE_SAMPLE 0 1 1 1 0 0 0 0
		}
	}
}
*HELPEROBJECT {
	*NODE_NAME "Bip01 L Finger0"
	*NODE_PARENT "Bip01 L Hand"
	*NODE_TM {
		*NODE_NAME "Bip01 L Finger0"
		*TM_ROW0 -0.401746	-0.598589	-0.69303
		*TM_ROW1 -0.513191	0.773952	-0.370989
		*TM_ROW2 0.758442	0.206613	-0.618123
		*TM_ROW3 342.526	-105.043	239.174
		*TM_POS 342.526	-105.043	239.174
		*TM_ROTAXIS 0.369191	-0.927749	0.0545845
		*TM_ROTANGLE 2.24332
		*TM_SCALE 1	1	1
		*TM_SCALEAXIS 0	0	0
		*TM_SCALEAXISANG 0	0	0
	}
	*TM_ANIMATION {
		*NODE_NAME "Bip01 L Finger0"
		*CONTROL_POS_TRACK {
			*CONTROL_POS_SAMPLE 192	342.526	-105.043	239.174
			*CONTROL_POS_SAMPLE 384	342.526	-105.043	239.174
			*CONTROL_POS_SAMPLE 576	342.526	-105.043	239.174
			*CONTROL_POS_SAMPLE 768	342.526	-105.043	239.174
		}
		*CONTROL_ROT_TRACK {
			*CONTROL_ROT_SAMPLE 192	0.369191	-0.927749	0.0545845	2.24332
			*CONTROL_ROT_SAMPLE 384	0.369191	-0.927749	0.0545845	2.24332
			*CONTROL_ROT_SAMPLE 576	0.369191	-0.927749	0.0545845	2.24332
			*CONTROL_ROT_SAMPLE 768	0.369191	-0.927749	0.0545845	2.24332
		}
		*CONTROL_SCALE_TRACK {
			*CONTROL_SCALE_SAMPLE 0 1 1 1 0 0 0 0
		}
	}
}
*HELPEROBJECT {
	*NODE_NAME "Bip01 L Finger1"
	*NODE_PARENT "Bip01 L Hand"
	*NODE_TM {
		*NODE_NAME "Bip01 L Finger1"
		*TM_ROW0 -0.10395	-0.131196	-0.985892
		*TM_ROW1 -0.985364	0.148235	0.0841677
		*TM_ROW2 0.135102	0.980211	-0.144685
		*TM_ROW3 369.493	-83.9277	186.061
		*TM_POS 369.493	-83.9277	186.061
		*TM_ROTAXIS 0.536532	-0.671227	-0.511457
		*TM_ROTANGLE 2.1534
		*TM_SCALE 1	1	1
		*TM_SCALEAXIS 0	0	0
		*TM_SCALEAXISANG 0	0	0
	}
	*TM_ANIMATION {
		*NODE_NAME "Bip01 L Finger1"
		*CONTROL_POS_TRACK {
			*CONTROL_POS_SAMPLE 192	369.493	-83.9277	186.061
			*CONTROL_POS_SAMPLE 384	369.493	-83.9277	186.061
			*CONTROL_POS_SAMPLE 576	369.493	-83.9277	186.061
			*CONTROL_POS_SAMPLE 768	369.493	-83.9277	186.061
		}
		*CONTROL_ROT_TRACK {
			*CONTROL_ROT_SAMPLE 192	0.536532	-0.671227	-0.511457	2.1534
			*CONTROL_ROT_SAMPLE 384	0.536532	-0.671227	-0.511457	2.1534
			*CONTROL_ROT_SAMPLE 576	0.536532	-0.671227	-0.511457	2.1534
			*CONTROL_ROT_SAMPLE 768	0.536532	-0.671227	-0.511457	2.1534
		}
		*CONTROL_SCALE_TRACK {
			*CONTROL_SCALE_SAMPLE 0 1 1 1 0 0 0 0
		}
	}
}
*HELPEROBJECT {
	*NODE_NAME "Bip01 L Finger2"
	*NODE_PARENT "Bip01 L Hand"
	*NODE_TM {
		*NODE_NAME "Bip01 L Finger2"
		*TM_ROW0 -0.078647	-0.0734271	-0.994195
		*TM_ROW1 -0.987583	0.141783	0.0676524
		*TM_ROW2 0.135993	0.987171	-0.0836662
		*TM_ROW3 376.607	-16.7555	181.609
		*TM_POS 376.607	-16.7555	181.609
		*TM_ROTAXIS 0.534593	-0.657072	-0.531475
		*TM_ROTANGLE 2.10629
		*TM_SCALE 1	1	1
		*TM_SCALEAXIS 0	0	0
		*TM_SCALEAXISANG 0	0	0
	}
	*TM_ANIMATION {
		*NODE_NAME "Bip01 L Finger2"
		*CONTROL_POS_TRACK {
			*CONTROL_POS_SAMPLE 192	376.607	-16.7555	181.609
			*CONTROL_POS_SAMPLE 384	376.607	-16.7555	181.609
			*CONTROL_POS_SAMPLE 576	376.607	-16.7555	181.609
			*CONTROL_POS_SAMPLE 768	376.607	-16.7555	181.609
		}
		*CONTROL_ROT_TRACK {
			*CONTROL_ROT_SAMPLE 192	0.534593	-0.657072	-0.531475	2.10629
			*CONTROL_ROT_SAMPLE 384	0.534593	-0.657072	-0.531475	2.10629
			*CONTROL_ROT_SAMPLE 576	0.534593	-0.657072	-0.531475	2.10629
			*CONTROL_ROT_SAMPLE 768	0.534593	-0.657072	-0.531475	2.10629
		}
		*CONTROL_SCALE_TRACK {
			*CONTROL_SCALE_SAMPLE 0 1 1 1 0 0 0 0
		}
	}
}
*HELPEROBJECT {
	*NODE_NAME "Bip01 R Clavicle"
	*NODE_PARENT "Bip01 Neck"
	*NODE_TM {
		*NODE_NAME "Bip01 R Clavicle"
		*TM_ROW0 -0.980063	-0.00301769	-0.198666
		*TM_ROW1 -0.000659197	0.999929	-0.0119367
		*TM_ROW2 0.198688	-0.0115677	-0.979995
		*TM_ROW3 -127.352	-30.3157	537.47
		*TM_POS -127.352	-30.3157	537.47
		*TM_ROTAXIS 0.000928493	-0.999982	0.00593538
		*TM_ROTANGLE 2.94158
		*TM_SCALE 1	1	1
		*TM_SCALEAXIS 0	0	0
		*TM_SCALEAXISANG 0	0	0
	}
	*TM_ANIMATION {
		*NODE_NAME "Bip01 R Clavicle"
		*CONTROL_POS_TRACK {
			*CONTROL_POS_SAMPLE 192	-127.352	-30.3157	537.47
			*CONTROL_POS_SAMPLE 384	-127.352	-30.3157	537.47
			*CONTROL_POS_SAMPLE 576	-127.352	-30.3157	537.47
			*CONTROL_POS_SAMPLE 768	-127.352	-30.3157	537.47
		}
		*CONTROL_ROT_TRACK {
			*CONTROL_ROT_SAMPLE 192	0.000928493	-0.999982	0.00593538	2.94158
			*CONTROL_ROT_SAMPLE 384	0.000928493	-0.999982	0.00593538	2.94158
			*CONTROL_ROT_SAMPLE 576	0.000928493	-0.999982	0.00593538	2.94158
			*CONTROL_ROT_SAMPLE 768	0.000928493	-0.999982	0.00593538	2.94158
		}
		*CONTROL_SCALE_TRACK {
			*CONTROL_SCALE_SAMPLE 0 1 1 1 0 0 0 0
		}
	}
}
*HELPEROBJECT {
	*NODE_NAME "Bip01 R UpperArm"
	*NODE_PARENT "Bip01 R Clavicle"
	*NODE_TM {
		*NODE_NAME "Bip01 R UpperArm"
		*TM_ROW0 -0.488536	0.196045	-0.850235
		*TM_ROW1 0.0841538	0.980476	0.177722
		*TM_ROW2 0.868476	0.015273	-0.495495
		*TM_ROW3 -206.872	-30.5609	521.351
		*TM_POS -206.872	-30.5609	521.351
		*TM_ROTAXIS -0.0939015	-0.993478	-0.0646773
		*TM_ROTANGLE 2.09645
		*TM_SCALE 1	1	1
		*TM_SCALEAXIS 0	0	0
		*TM_SCALEAXISANG 0	0	0
	}
	*TM_ANIMATION {
		*NODE_NAME "Bip01 R UpperArm"
		*CONTROL_POS_TRACK {
			*CONTROL_POS_SAMPLE 192	-206.872	-30.5609	521.351
			*CONTROL_POS_SAMPLE 384	-206.872	-30.5609	521.351
			*CONTROL_POS_SAMPLE 576	-206.872	-30.5609	521.351
			*CONTROL_POS_SAMPLE 768	-206.872	-30.5609	521.351
		}
		*CONTROL_ROT_TRACK {
			*CONTROL_ROT_SAMPLE 192	-0.0939015	-0.993478	-0.0646773	2.09645
			*CONTROL_ROT_SAMPLE 384	-0.0939015	-0.993478	-0.0646773	2.09645
			*CONTROL_ROT_SAMPLE 576	-0.0939015	-0.993478	-0.0646773	2.09645
			*CONTROL_ROT_SAMPLE 768	-0.0939015	-0.993478	-0.0646773	2.09645
		}
		*CONTROL_SCALE_TRACK {
			*CONTROL_SCALE_SAMPLE 0 1 1 1 0 0 0 0
		}
	}
}
*HELPEROBJECT {
	*NODE_NAME "Bip01 R Forearm"
	*NODE_PARENT "Bip01 R UpperArm"
	*NODE_TM {
		*NODE_NAME "Bip01 R Forearm"
		*TM_ROW0 -0.476638	-0.249021	-0.843093
		*TM_ROW1 -0.136266	0.968378	-0.208988
		*TM_ROW2 0.868475	0.0152736	-0.495498
		*TM_ROW3 -275.057	-3.19955	402.686
		*TM_POS -275.057	-3.19955	402.686
		*TM_ROTAXIS 0.12964	-0.989416	0.0651806
		*TM_ROTANGLE 2.09657
		*TM_SCALE 1	1	1
		*TM_SCALEAXIS 0	0	0
		*TM_SCALEAXISANG 0	0	0
	}
	*TM_ANIMATION {
		*NODE_NAME "Bip01 R Forearm"
		*CONTROL_POS_TRACK {
			*CONTROL_POS_SAMPLE 192	-275.057	-3.19955	402.686
			*CONTROL_POS_SAMPLE 384	-275.057	-3.19955	402.686
			*CONTROL_POS_SAMPLE 576	-275.057	-3.19955	402.686
			*CONTROL_POS_SAMPLE 768	-275.057	-3.19955	402.686
		}
		*CONTROL_ROT_TRACK {
			*CONTROL_ROT_SAMPLE 192	0.12964	-0.989416	0.0651806	2.09657
			*CONTROL_ROT_SAMPLE 384	0.12964	-0.989416	0.0651806	2.09657
			*CONTROL_ROT_SAMPLE 576	0.12964	-0.989416	0.0651806	2.09657
			*CONTROL_ROT_SAMPLE 768	0.12964	-0.989416	0.0651806	2.09657
		}
		*CONTROL_SCALE_TRACK {
			*CONTROL_SCALE_SAMPLE 0 1 1 1 0 0 0 0
		}
	}
}
*HELPEROBJECT {
	*NODE_NAME "Bip01 R Hand"
	*NODE_PARENT "Bip01 R Forearm"
	*NODE_TM {
		*NODE_NAME "Bip01 R Hand"
		*TM_ROW0 -0.235651	-0.236566	-0.942605
		*TM_ROW1 0.962125	0.0799937	-0.260607
		*TM_ROW2 0.137053	-0.968317	0.208756
		*TM_ROW3 -342.391	-38.3785	283.584
		*TM_POS -342.391	-38.3785	283.584
		*TM_ROTAXIS -0.401733	-0.612871	0.68044
		*TM_ROTANGLE 2.064
		*TM_SCALE 1	1	1
		*TM_SCALEAXIS 0	0	0
		*TM_SCALEAXISANG 0	0	0
	}
	*TM_ANIMATION {
		*NODE_NAME "Bip01 R Hand"
		*CONTROL_POS_TRACK {
			*CONTROL_POS_SAMPLE 192	-342.391	-38.3785	283.584
			*CONTROL_POS_SAMPLE 384	-342.391	-38.3785	283.584
			*CONTROL_POS_SAMPLE 576	-342.391	-38.3785	283.584
			*CONTROL_POS_SAMPLE 768	-342.391	-38.3785	283.584
		}
		*CONTROL_ROT_TRACK {
			*CONTROL_ROT_SAMPLE 192	-0.401733	-0.612871	0.68044	2.064
			*CONTROL_ROT_SAMPLE 384	-0.401733	-0.612871	0.68044	2.064
			*CONTROL_ROT_SAMPLE 576	-0.401733	-0.612871	0.68044	2.064
			*CONTROL_ROT_SAMPLE 768	-0.401733	-0.612871	0.68044	2.064
		}
		*CONTROL_SCALE_TRACK {
			*CONTROL_SCALE_SAMPLE 0 1 1 1 0 0 0 0
		}
	}
}
*HELPEROBJECT {
	*NODE_NAME "Bip01 R Finger0"
	*NODE_PARENT "Bip01 R Hand"
	*NODE_TM {
		*NODE_NAME "Bip01 R Finger0"
		*TM_ROW0 0.416389	-0.598038	-0.684814
		*TM_ROW1 0.503621	0.778817	-0.373912
		*TM_ROW2 0.756959	-0.189194	0.625475
		*TM_ROW3 -341.29	-109.894	240.234
		*TM_POS -341.29	-109.894	240.234
		*TM_ROTAXIS 0.101279	-0.790504	0.604024
		*TM_ROTANGLE 1.14797
		*TM_SCALE 1	1	1
		*TM_SCALEAXIS 0	0	0
		*TM_SCALEAXISANG 0	0	0
	}
	*TM_ANIMATION {
		*NODE_NAME "Bip01 R Finger0"
		*CONTROL_POS_TRACK {
			*CONTROL_POS_SAMPLE 192	-341.29	-109.894	240.234
			*CONTROL_POS_SAMPLE 384	-341.29	-109.894	240.234
			*CONTROL_POS_SAMPLE 576	-341.29	-109.894	240.234
			*CONTROL_POS_SAMPLE 768	-341.29	-109.894	240.234
		}
		*CONTROL_ROT_TRACK {
			*CONTROL_ROT_SAMPLE 192	0.101279	-0.790504	0.604024	1.14797
			*CONTROL_ROT_SAMPLE 384	0.101279	-0.790504	0.604024	1.14797
			*CONTROL_ROT_SAMPLE 576	0.101279	-0.790504	0.604024	1.14797
			*CONTROL_ROT_SAMPLE 768	0.101279	-0.790504	0.604024	1.14797
		}
		*CONTROL_SCALE_TRACK {
			*CONTROL_SCALE_SAMPLE 0 1 1 1 0 0 0 0
		}
	}
}
*HELPEROBJECT {
	*NODE_NAME "Bip01 R Finger1"
	*NODE_PARENT "Bip01 R Hand"
	*NODE_TM {
		*NODE_NAME "Bip01 R Finger1"
		*TM_ROW0 0.117434	-0.141704	-0.982919
		*TM_ROW1 0.982262	0.162274	0.0939612
		*TM_ROW2 0.146187	-0.976518	0.158247
		*TM_ROW3 -368.176	-89.8023	186.685
		*TM_POS -368.176	-89.8023	186.685
		*TM_ROTAXIS -0.557715	-0.588259	0.585581
		*TM_ROTANGLE 1.85566
		*TM_SCALE 1	1	1
		*TM_SCALEAXIS 0	0	0
		*TM_SCALEAXISANG 0	0	0
	}
	*TM_ANIMATION {
		*NODE_NAME "Bip01 R Finger1"
		*CONTROL_POS_TRACK {
			*CONTROL_POS_SAMPLE 192	-368.176	-89.8023	186.685
			*CONTROL_POS_SAMPLE 384	-368.176	-89.8023	186.685
			*CONTROL_POS_SAMPLE 576	-368.176	-89.8023	186.685
			*CONTROL_POS_SAMPLE 768	-368.176	-89.8023	186.685
		}
		*CONTROL_ROT_TRACK {
			*CONTROL_ROT_SAMPLE 192	-0.557715	-0.588259	0.585581	1.85566
			*CONTROL_ROT_SAMPLE 384	-0.557715	-0.588259	0.585581	1.85566
			*CONTROL_ROT_SAMPLE 576	-0.557715	-0.588259	0.585581	1.85566
			*CONTROL_ROT_SAMPLE 768	-0.557715	-0.588259	0.585581	1.85566
		}
		*CONTROL_SCALE_TRACK {
			*CONTROL_SCALE_SAMPLE 0 1 1 1 0 0 0 0
		}
	}
}
*HELPEROBJECT {
	*NODE_NAME "Bip01 R Finger2"
	*NODE_PARENT "Bip01 R Hand"
	*NODE_TM {
		*NODE_NAME "Bip01 R Finger2"
		*TM_ROW0 0.0915523	-0.0843993	-0.992217
		*TM_ROW1 0.9848	0.155369	0.0776519
		*TM_ROW2 0.147606	-0.984244	0.0973408
		*TM_ROW3 -376.082	-22.7864	181.314
		*TM_POS -376.082	-22.7864	181.314
		*TM_ROTAXIS -0.562015	-0.603258	0.56588
		*TM_ROTANGLE 1.90484
		*TM_SCALE 1	1	1
		*TM_SCALEAXIS 0	0	0
		*TM_SCALEAXISANG 0	0	0
	}
	*TM_ANIMATION {
		*NODE_NAME "Bip01 R Finger2"
		*CONTROL_POS_TRACK {
			*CONTROL_POS_SAMPLE 192	-376.082	-22.7864	181.314
			*CONTROL_POS_SAMPLE 384	-376.082	-22.7864	181.314
			*CONTROL_POS_SAMPLE 576	-376.082	-22.7864	181.314
			*CONTROL_POS_SAMPLE 768	-376.082	-22.7864	181.314
		}
		*CONTROL_ROT_TRACK {
			*CONTROL_ROT_SAMPLE 192	-0.562015	-0.603258	0.56588	1.90484
			*CONTROL_ROT_SAMPLE 384	-0.562015	-0.603258	0.56588	1.90484
			*CONTROL_ROT_SAMPLE 576	-0.562015	-0.603258	0.56588	1.90484
			*CONTROL_ROT_SAMPLE 768	-0.562015	-0.603258	0.56588	1.90484
		}
		*CONTROL_SCALE_TRACK {
			*CONTROL_SCALE_SAMPLE 0 1 1 1 0 0 0 0
		}
	}
}
*HELPEROBJECT {
	*NODE_NAME "ZS_RIGHTHAND"
	*NODE_PARENT "Bip01 R Hand"
	*NODE_TM {
		*NODE_NAME "ZS_RIGHTHAND"
		*TM_ROW0 0.906951	0.387686	-0.164741
		*TM_ROW1 0.378404	-0.921663	-0.0857232
		*TM_ROW2 -0.18507	0.015408	-0.982605
		*TM_ROW3 -341.857	-66.4609	177.62
		*TM_POS -341.857	-66.4609	177.62
		*TM_ROTAXIS -0.976445	-0.196274	0.0896226
		*TM_ROTANGLE 3.1934
		*TM_SCALE 1	1	1
		*TM_SCALEAXIS 0	0	0
		*TM_SCALEAXISANG 0	0	0
	}
	*TM_ANIMATION {
		*NODE_NAME "ZS_RIGHTHAND"
		*CONTROL_POS_TRACK {
			*CONTROL_POS_SAMPLE 192	-341.857	-66.4609	177.62
			*CONTROL_POS_SAMPLE 384	-341.857	-66.4609	177.62
			*CONTROL_POS_SAMPLE 576	-341.857	-66.4609	177.62
			*CONTROL_POS_SAMPLE 768	-341.857	-66.4609	177.62
		}
		*CONTROL_ROT_TRACK {
			*CONTROL_ROT_SAMPLE 192	-0.976445	-0.196274	0.0896226	3.1934
			*CONTROL_ROT_SAMPLE 384	-0.976445	-0.196274	0.0896226	3.1934
			*CONTROL_ROT_SAMPLE 576	-0.976445	-0.196274	0.0896226	3.1934
			*CONTROL_ROT_SAMPLE 768	-0.976445	-0.196274	0.0896226	3.1934
		}
		*CONTROL_SCALE_TRACK {
			*CONTROL_SCALE_SAMPLE 0 1 1 1 0 0 0 0
		}
	}
}
*HELPEROBJECT {
	*NODE_NAME "Bip01 L Thigh"
	*NODE_PARENT "Bip01 Pelvis"
	*NODE_TM {
		*NODE_NAME "Bip01 L Thigh"
		*TM_ROW0 0.0647419	-0.31614	-0.946501
		*TM_ROW1 -0.0242796	-0.948709	0.315216
		*TM_ROW2 -0.997607	0.00257294	-0.069097
		*TM_ROW3 76.889	-33.5402	255.182
		*TM_POS 76.889	-33.5402	255.182
		*TM_ROTAXIS -0.725823	0.118645	0.677573
		*TM_ROTANGLE 2.92452
		*TM_SCALE 1	1	1
		*TM_SCALEAXIS 0	0	0
		*TM_SCALEAXISANG 0	0	0
	}
	*TM_ANIMATION {
		*NODE_NAME "Bip01 L Thigh"
		*CONTROL_POS_TRACK {
			*CONTROL_POS_SAMPLE 192	76.889	-33.5402	255.182
			*CONTROL_POS_SAMPLE 384	76.889	-33.5402	255.182
			*CONTROL_POS_SAMPLE 576	76.889	-33.5402	255.182
			*CONTROL_POS_SAMPLE 768	76.889	-33.5402	255.182
		}
		*CONTROL_ROT_TRACK {
			*CONTROL_ROT_SAMPLE 192	-0.725823	0.118645	0.677573	2.92452
			*CONTROL_ROT_SAMPLE 384	-0.725823	0.118645	0.677573	2.92452
			*CONTROL_ROT_SAMPLE 576	-0.725823	0.118645	0.677573	2.92452
			*CONTROL_ROT_SAMPLE 768	-0.725823	0.118645	0.677573	2.92452
		}
		*CONTROL_SCALE_TRACK {
			*CONTROL_SCALE_SAMPLE 0 1 1 1 0 0 0 0
		}
	}
}
*HELPEROBJECT {
	*NODE_NAME "Bip01 L Calf"
	*NODE_PARENT "Bip01 L Thigh"
	*NODE_TM {
		*NODE_NAME "Bip01 L Calf"
		*TM_ROW0 0.0685737	0.164908	-0.983922
		*TM_ROW1 0.00886533	-0.986305	-0.16469
		*TM_ROW2 -0.997607	0.00257056	-0.0690964
		*TM_ROW3 82.6747	-61.7547	170.69
		*TM_POS 82.6747	-61.7547	170.69
		*TM_ROTAXIS -0.729896	-0.0597166	0.680945
		*TM_ROTANGLE 3.25642
		*TM_SCALE 1	1	1
		*TM_SCALEAXIS 0	0	0
		*TM_SCALEAXISANG 0	0	0
	}
	*TM_ANIMATION {
		*NODE_NAME "Bip01 L Calf"
		*CONTROL_POS_TRACK {
			*CONTROL_POS_SAMPLE 192	82.6747	-61.7547	170.69
			*CONTROL_POS_SAMPLE 384	82.6747	-61.7547	170.69
			*CONTROL_POS_SAMPLE 576	82.6747	-61.7547	170.69
			*CONTROL_POS_SAMPLE 768	82.6747	-61.7547	170.69
		}
		*CONTROL_ROT_TRACK {
			*CONTROL_ROT_SAMPLE 192	-0.729896	-0.0597166	0.680945	3.25642
			*CONTROL_ROT_SAMPLE 384	-0.729896	-0.0597166	0.680945	3.25642
			*CONTROL_ROT_SAMPLE 576	-0.729896	-0.0597166	0.680945	3.25642
			*CONTROL_ROT_SAMPLE 768	-0.729896	-0.0597166	0.680945	3.25642
		}
		*CONTROL_SCALE_TRACK {
			*CONTROL_SCALE_SAMPLE 0 1 1 1 0 0 0 0
		}
	}
}
*HELPEROBJECT {
	*NODE_NAME "Bip01 L Foot"
	*NODE_PARENT "Bip01 L Calf"
	*NODE_TM {
		*NODE_NAME "Bip01 L Foot"
		*TM_ROW0 0.000469983	0.000160021	-1
		*TM_ROW1 0.000694573	-1	-0.000159695
		*TM_ROW2 -1	-0.000694498	-0.000470161
		*TM_ROW3 91.2448	-41.1456	47.7305
		*TM_POS 91.2448	-41.1456	47.7305
		*TM_ROTAXIS -0.707273	-0.000302074	0.706941
		*TM_ROTANGLE 3.14121
		*TM_SCALE 1	1	1
		*TM_SCALEAXIS 0	0	0
		*TM_SCALEAXISANG 0	0	0
	}
	*TM_ANIMATION {
		*NODE_NAME "Bip01 L Foot"
		*CONTROL_POS_TRACK {
			*CONTROL_POS_SAMPLE 192	91.2448	-41.1456	47.7305
			*CONTROL_POS_SAMPLE 384	91.2448	-41.1456	47.7305
			*CONTROL_POS_SAMPLE 576	91.2448	-41.1456	47.7305
			*CONTROL_POS_SAMPLE 768	91.2448	-41.1456	47.7305
		}
		*CONTROL_ROT_TRACK {
			*CONTROL_ROT_SAMPLE 192	-0.707273	-0.000302074	0.706941	3.14121
			*CONTROL_ROT_SAMPLE 384	-0.707273	-0.000302074	0.706941	3.14121
			*CONTROL_ROT_SAMPLE 576	-0.707273	-0.000302074	0.706941	3.14121
			*CONTROL_ROT_SAMPLE 768	-0.707273	-0.000302074	0.706941	3.14121
		}
		*CONTROL_SCALE_TRACK {
			*CONTROL_SCALE_SAMPLE 0 1 1 1 0 0 0 0
		}
	}
}
*HELPEROBJECT {
	*NODE_NAME "Bip01 L Toe0"
	*NODE_PARENT "Bip01 L Foot"
	*NODE_TM {
		*NODE_NAME "Bip01 L Toe0"
		*TM_ROW0 0.00068903	-1	-0.000235587
		*TM_ROW1 -0.000472039	-0.000235796	1
		*TM_ROW2 -1	-0.000688851	-0.000472188
		*TM_ROW3 91.346	-154.715	0.701074
		*TM_POS 91.346	-154.715	0.701074
		*TM_ROTAXIS -0.577752	0.577218	0.577081
		*TM_ROTANGLE 2.09441
		*TM_SCALE 1	1	1
		*TM_SCALEAXIS 0	0	0
		*TM_SCALEAXISANG 0	0	0
	}
	*TM_ANIMATION {
		*NODE_NAME "Bip01 L Toe0"
		*CONTROL_POS_TRACK {
			*CONTROL_POS_SAMPLE 192	91.346	-154.715	0.701074
			*CONTROL_POS_SAMPLE 384	91.346	-154.715	0.701074
			*CONTROL_POS_SAMPLE 576	91.346	-154.715	0.701074
			*CONTROL_POS_SAMPLE 768	91.346	-154.715	0.701074
		}
		*CONTROL_ROT_TRACK {
			*CONTROL_ROT_SAMPLE 192	-0.577752	0.577218	0.577081	2.09441
			*CONTROL_ROT_SAMPLE 384	-0.577752	0.577218	0.577081	2.09441
			*CONTROL_ROT_SAMPLE 576	-0.577752	0.577218	0.577081	2.09441
			*CONTROL_ROT_SAMPLE 768	-0.577752	0.577218	0.577081	2.09441
		}
		*CONTROL_SCALE_TRACK {
			*CONTROL_SCALE_SAMPLE 0 1 1 1 0 0 0 0
		}
	}
}
*HELPEROBJECT {
	*NODE_NAME "Bip01 R Thigh"
	*NODE_PARENT "Bip01 Pelvis"
	*NODE_TM {
		*NODE_NAME "Bip01 R Thigh"
		*TM_ROW0 -0.0674424	-0.282607	-0.956862
		*TM_ROW1 0.0207919	-0.959236	0.281842
		*TM_ROW2 -0.997507	-0.000886887	0.0705689
		*TM_ROW3 -77.0944	-33.6244	255.182
		*TM_POS -77.0944	-33.6244	255.182
		*TM_ROTAXIS 0.678496	-0.0975391	-0.728099
		*TM_ROTANGLE 3.35148
		*TM_SCALE 1	1	1
		*TM_SCALEAXIS 0	0	0
		*TM_SCALEAXISANG 0	0	0
	}
	*TM_ANIMATION {
		*NODE_NAME "Bip01 R Thigh"
		*CONTROL_POS_TRACK {
			*CONTROL_POS_SAMPLE 192	-77.0944	-33.6244	255.182
			*CONTROL_POS_SAMPLE 384	-77.0944	-33.6244	255.182
			*CONTROL_POS_SAMPLE 576	-77.0944	-33.6244	255.182
			*CONTROL_POS_SAMPLE 768	-77.0944	-33.6244	255.182
		}
		*CONTROL_ROT_TRACK {
			*CONTROL_ROT_SAMPLE 192	0.678496	-0.0975391	-0.728099	3.35148
			*CONTROL_ROT_SAMPLE 384	0.678496	-0.0975391	-0.728099	3.35148
			*CONTROL_ROT_SAMPLE 576	0.678496	-0.0975391	-0.728099	3.35148
			*CONTROL_ROT_SAMPLE 768	0.678496	-0.0975391	-0.728099	3.35148
		}
		*CONTROL_SCALE_TRACK {
			*CONTROL_SCALE_SAMPLE 0 1 1 1 0 0 0 0
		}
	}
}
*HELPEROBJECT {
	*NODE_NAME "Bip01 R Calf"
	*NODE_PARENT "Bip01 R Thigh"
	*NODE_TM {
		*NODE_NAME "Bip01 R Calf"
		*TM_ROW0 -0.069101	0.215503	-0.974055
		*TM_ROW1 -0.0143416	-0.976503	-0.215027
		*TM_ROW2 -0.997507	-0.0008891	0.070568
		*TM_ROW3 -83.1141	-58.8514	169.767
		*TM_POS -83.1141	-58.8514	169.767
		*TM_ROTAXIS 0.679774	0.0744457	-0.729634
		*TM_ROTANGLE 2.98343
		*TM_SCALE 1	1	1
		*TM_SCALEAXIS 0	0	0
		*TM_SCALEAXISANG 0	0	0
	}
	*TM_ANIMATION {
		*NODE_NAME "Bip01 R Calf"
		*CONTROL_POS_TRACK {
			*CONTROL_POS_SAMPLE 192	-83.1141	-58.8514	169.767
			*CONTROL_POS_SAMPLE 384	-83.1141	-58.8514	169.767
			*CONTROL_POS_SAMPLE 576	-83.1141	-58.8514	169.767
			*CONTROL_POS_SAMPLE 768	-83.1141	-58.8514	169.767
		}
		*CONTROL_ROT_TRACK {
			*CONTROL_ROT_SAMPLE 192	0.679774	0.0744457	-0.729634	2.98343
			*CONTROL_ROT_SAMPLE 384	0.679774	0.0744457	-0.729634	2.98343
			*CONTROL_ROT_SAMPLE 576	0.679774	0.0744457	-0.729634	2.98343
			*CONTROL_ROT_SAMPLE 768	0.679774	0.0744457	-0.729634	2.98343
		}
		*CONTROL_SCALE_TRACK {
			*CONTROL_SCALE_SAMPLE 0 1 1 1 0 0 0 0
		}
	}
}
*HELPEROBJECT {
	*NODE_NAME "Bip01 R Foot"
	*NODE_PARENT "Bip01 R Calf"
	*NODE_TM {
		*NODE_NAME "Bip01 R Foot"
		*TM_ROW0 -0.00203323	0.000268838	-0.999998
		*TM_ROW1 0.00016783	-1	-0.00026918
		*TM_ROW2 -0.999998	-0.000168377	0.00203317
		*TM_ROW3 -91.7492	-31.9198	48.0409
		*TM_POS -91.7492	-31.9198	48.0409
		*TM_ROTAXIS 0.706388	0.000154543	-0.707825
		*TM_ROTANGLE 3.14152
		*TM_SCALE 1	1	1
		*TM_SCALEAXIS 0	0	0
		*TM_SCALEAXISANG 0	0	0
	}
	*TM_ANIMATION {
		*NODE_NAME "Bip01 R Foot"
		*CONTROL_POS_TRACK {
			*CONTROL_POS_SAMPLE 192	-91.7492	-31.9198	48.0409
			*CONTROL_POS_SAMPLE 384	-91.7492	-31.9198	48.0409
			*CONTROL_POS_SAMPLE 576	-91.7492	-31.9198	48.0409
			*CONTROL_POS_SAMPLE 768	-91.7492	-31.9198	48.0409
		}
		*CONTROL_ROT_TRACK {
			*CONTROL_ROT_SAMPLE 192	0.706388	0.000154543	-0.707825	3.14152
			*CONTROL_ROT_SAMPLE 384	0.706388	0.000154543	-0.707825	3.14152
			*CONTROL_ROT_SAMPLE 576	0.706388	0.000154543	-0.707825	3.14152
			*CONTROL_ROT_SAMPLE 768	0.706388	0.000154543	-0.707825	3.14152
		}
		*CONTROL_SCALE_TRACK {
			*CONTROL_SCALE_SAMPLE 0 1 1 1 0 0 0 0
		}
	}
}
*HELPEROBJECT {
	*NODE_NAME "Bip01 R Toe0"
	*NODE_PARENT "Bip01 R Foot"
	*NODE_TM {
		*NODE_NAME "Bip01 R Toe0"
		*TM_ROW0 0.000162959	-1	-0.000345081
		*TM_ROW1 0.00203106	-0.000344753	0.999998
		*TM_ROW2 -0.999998	-0.000163585	0.00203097
		*TM_ROW3 -91.8255	-145.485	0.999318
		*TM_POS -91.8255	-145.485	0.999318
		*TM_ROTAXIS -0.577088	0.576795	0.578167
		*TM_ROTANGLE 2.09333
		*TM_SCALE 1	1	1
		*TM_SCALEAXIS 0	0	0
		*TM_SCALEAXISANG 0	0	0
	}
	*TM_ANIMATION {
		*NODE_NAME "Bip01 R Toe0"
		*CONTROL_POS_TRACK {
			*CONTROL_POS_SAMPLE 192	-91.8255	-145.485	0.999318
			*CONTROL_POS_SAMPLE 384	-91.8255	-145.485	0.999318
			*CONTROL_POS_SAMPLE 576	-91.8255	-145.485	0.999318
			*CONTROL_POS_SAMPLE 768	-91.8255	-145.485	0.999318
		}
		*CONTROL_ROT_TRACK {
			*CONTROL_ROT_SAMPLE 192	-0.577088	0.576795	0.578167	2.09333
			*CONTROL_ROT_SAMPLE 384	-0.577088	0.576795	0.578167	2.09333
			*CONTROL_ROT_SAMPLE 576	-0.577088	0.576795	0.578167	2.09333
			*CONTROL_ROT_SAMPLE 768	-0.577088	0.576795	0.578167	2.09333
		}
		*CONTROL_SCALE_TRACK {
			*CONTROL_SCALE_SAMPLE 0 1 1 1 0 0 0 0
		}
	}
}
