*3DSMAX_ASCIIEXPORT	110
*COMMENT "[ Kerrax ASCII Model Exporter ] - Apr 13 2011"
*SCENE {
	*SCENE_FILENAME "skeleton.max"
	*SCENE_FIRSTFRAME 0
	*SCENE_LASTFRAME 100
	*SCENE_FRAMESPEED 25
	*SCENE_TICKSPERFRAME 192
	*SCENE_BACKGROUND_STATIC 0	0	0
	*SCENE_AMBIENT_STATIC 0.2	0.2	0.2
}
*MATERIAL_LIST {
	*MATERIAL_COUNT 1
	*MATERIAL 0 {
		*MATERIAL_NAME "MultiMtl #0"
		*MATERIAL_CLASS "Multi/Sub-Object"
		*NUMSUBMTLS 1
		*SUBMATERIAL 0 {
			*MATERIAL_NAME "Orc_Ske_01"
			*MATERIAL_CLASS "Standard"
			*MATERIAL_DIFFUSE 0.588235	0.588235	0.588235
			*MAP_DIFFUSE {
				*BITMAP "Orc_Ske_01.tga"
			}
		}
	}
}
*HELPEROBJECT {
	*NODE_NAME "Bip01"
	*NODE_TM {
		*NODE_NAME "Bip01"
		*TM_ROW0 -0.173219	-0.984749	0.0162928
		*TM_ROW1 0.983975	-0.172325	0.0458026
		*TM_ROW2 -0.0422964	0.0239656	0.998818
		*TM_ROW3 -2.26872	10.0021	98
		*TM_POS -2.26872	10.0021	98
		*TM_ROTAXIS -0.0110864	0.029745	0.999496
		*TM_ROTANGLE 1.74504
		*TM_SCALE 1	1	1
		*TM_SCALEAXIS 0	0	0
		*TM_SCALEAXISANG 0	0	0
	}
}
*HELPEROBJECT {
	*NODE_NAME "Bip01 Pelvis"
	*NODE_PARENT "Bip01"
	*NODE_TM {
		*NODE_NAME "Bip01 Pelvis"
		*TM_ROW0 -0.0423141	0.0238648	0.998819
		*TM_ROW1 -0.172406	-0.984892	0.0162282
		*TM_ROW2 0.984117	-0.171515	0.0457892
		*TM_ROW3 -0.178618	21.1854	97.8199
		*TM_POS -0.178618	21.1854	97.8199
		*TM_ROTAXIS -0.690225	0.0540527	-0.721573
		*TM_ROTANGLE 3.00517
		*TM_SCALE 1	1	1
		*TM_SCALEAXIS 0	0	0
		*TM_SCALEAXISANG 0	0	0
	}
}
*HELPEROBJECT {
	*NODE_NAME "Bip01 Spine"
	*NODE_PARENT "Bip01 Pelvis"
	*NODE_TM {
		*NODE_NAME "Bip01 Spine"
		*TM_ROW0 -0.0987064	-0.232273	0.967629
		*TM_ROW1 -0.204771	-0.946827	-0.248168
		*TM_ROW2 0.97382	-0.222639	0.0458951
		*TM_ROW3 -0.820989	19.5298	105.42
		*TM_POS -0.820989	19.5298	105.42
		*TM_ROTAXIS -0.671265	0.162784	-0.723121
		*TM_ROTANGLE 3.16061
		*TM_SCALE 1	1	1
		*TM_SCALEAXIS 0	0	0
		*TM_SCALEAXISANG 0	0	0
	}
}
*HELPEROBJECT {
	*NODE_NAME "Bip01 Spine1"
	*NODE_PARENT "Bip01 Spine"
	*NODE_TM {
		*NODE_NAME "Bip01 Spine1"
		*TM_ROW0 -0.117904	-0.490153	0.863625
		*TM_ROW1 -0.167299	-0.847456	-0.503816
		*TM_ROW2 0.978831	-0.203885	0.017916
		*TM_ROW3 -2.60881	15.3303	122.977
		*TM_POS -2.60881	15.3303	122.977
		*TM_ROTAXIS -0.658488	0.25293	-0.708816
		*TM_ROTANGLE 3.37135
		*TM_SCALE 1	1	1
		*TM_SCALEAXIS 0	0	0
		*TM_SCALEAXISANG 0	0	0
	}
}
*HELPEROBJECT {
	*NODE_NAME "Bip01 Spine2"
	*NODE_PARENT "Bip01 Spine1"
	*NODE_TM {
		*NODE_NAME "Bip01 Spine2"
		*TM_ROW0 -0.0969853	-0.486717	0.868159
		*TM_ROW1 -0.208447	-0.842993	-0.495895
		*TM_ROW2 0.973213	-0.22906	-0.019697
		*TM_ROW3 -4.74498	6.45303	138.648
		*TM_POS -4.74498	6.45303	138.648
		*TM_ROTAXIS -0.667774	0.262905	-0.69639
		*TM_ROTANGLE 3.34274
		*TM_SCALE 1	1	1
		*TM_SCALEAXIS 0	0	0
		*TM_SCALEAXISANG 0	0	0
	}
}
*HELPEROBJECT {
	*NODE_NAME "Bip01 Spine3"
	*NODE_PARENT "Bip01 Spine2"
	*NODE_TM {
		*NODE_NAME "Bip01 Spine3"
		*TM_ROW0 -0.220841	-0.711152	0.667451
		*TM_ROW1 -0.308777	-0.598166	-0.739496
		*TM_ROW2 0.925141	-0.369405	-0.0874877
		*TM_ROW3 -6.49974	-2.36422	154.404
		*TM_POS -6.49974	-2.36422	154.404
		*TM_ROTAXIS -0.612347	0.426369	-0.665764
		*TM_ROTANGLE 3.44858
		*TM_SCALE 1	1	1
		*TM_SCALEAXIS 0	0	0
		*TM_SCALEAXISANG 0	0	0
	}
}
*HELPEROBJECT {
	*NODE_NAME "Bip01 Neck"
	*NODE_PARENT "Bip01 Spine3"
	*NODE_TM {
		*NODE_NAME "Bip01 Neck"
		*TM_ROW0 -0.37619	-0.92302	-0.0807241
		*TM_ROW1 -0.0509323	0.107593	-0.99289
		*TM_ROW2 0.925142	-0.369403	-0.0874869
		*TM_ROW3 -10.5044	-15.2615	166.516
		*TM_POS -10.5044	-15.2615	166.516
		*TM_ROTAXIS 0.424127	-0.684241	0.593238
		*TM_ROTANGLE 2.31589
		*TM_SCALE 1	1	1
		*TM_SCALEAXIS 0	0	0
		*TM_SCALEAXISANG 0	0	0
	}
}
*HELPEROBJECT {
	*NODE_NAME "Bip01 Neck1"
	*NODE_PARENT "Bip01 Neck"
	*NODE_TM {
		*NODE_NAME "Bip01 Neck1"
		*TM_ROW0 -0.377547	-0.919378	-0.110468
		*TM_ROW1 -0.0396266	0.135229	-0.990022
		*TM_ROW2 0.925142	-0.369402	-0.087487
		*TM_ROW3 -13.3158	-22.1612	165.919
		*TM_POS -13.3158	-22.1612	165.919
		*TM_ROTAXIS 0.415447	-0.693244	0.588911
		*TM_ROTANGLE 2.29816
		*TM_SCALE 1	1	1
		*TM_SCALEAXIS 0	0	0
		*TM_SCALEAXISANG 0	0	0
	}
}
*HELPEROBJECT {
	*NODE_NAME "Bip01 Neck2"
	*NODE_PARENT "Bip01 Neck1"
	*NODE_TM {
		*NODE_NAME "Bip01 Neck2"
		*TM_ROW0 -0.377725	-0.872748	-0.309249
		*TM_ROW1 0.0378833	0.319145	-0.946948
		*TM_ROW2 0.925142	-0.369402	-0.0874865
		*TM_ROW3 -16.1376	-29.0331	165.102
		*TM_POS -16.1376	-29.0331	165.102
		*TM_ROTAXIS 0.352364	-0.753107	0.55558
		*TM_ROTANGLE 2.181
		*TM_SCALE 1	1	1
		*TM_SCALEAXIS 0	0	0
		*TM_SCALEAXISANG 0	0	0
	}
}
*HELPEROBJECT {
	*NODE_NAME "Bip01 Head"
	*NODE_PARENT "Bip01 Neck2"
	*NODE_TM {
		*NODE_NAME "Bip01 Head"
		*TM_ROW0 0.0248032	0.00476297	0.999681
		*TM_ROW1 -0.0161617	-0.999856	0.00516479
		*TM_ROW2 0.999562	-0.0162847	-0.0247227
		*TM_ROW3 -18.9608	-35.5555	162.792
		*TM_POS -18.9608	-35.5555	162.792
		*TM_ROTAXIS -0.715803	0.00398134	-0.698291
		*TM_ROTANGLE 3.12661
		*TM_SCALE 1	1	1
		*TM_SCALEAXIS 0	0	0
		*TM_SCALEAXISANG 0	0	0
	}
}
*HELPEROBJECT {
	*NODE_NAME "Bip01 R Clavicle"
	*NODE_PARENT "Bip01 Neck"
	*NODE_TM {
		*NODE_NAME "Bip01 R Clavicle"
		*TM_ROW0 -0.69387	0.703478	-0.153829
		*TM_ROW1 0.403888	0.55705	0.725651
		*TM_ROW2 0.59617	0.441378	-0.670647
		*TM_ROW3 -31.1699	-11.9009	171.169
		*TM_POS -31.1699	-11.9009	171.169
		*TM_ROTAXIS -0.332021	-0.875971	-0.349909
		*TM_ROTANGLE 2.69921
		*TM_SCALE 1	1	1
		*TM_SCALEAXIS 0	0	0
		*TM_SCALEAXISANG 0	0	0
	}
}
*HELPEROBJECT {
	*NODE_NAME "Bip01 R UpperArm"
	*NODE_PARENT "Bip01 R Clavicle"
	*NODE_TM {
		*NODE_NAME "Bip01 R UpperArm"
		*TM_ROW0 -0.439639	0.279564	-0.853558
		*TM_ROW1 0.0417494	0.955659	0.291501
		*TM_ROW2 0.897204	0.0925198	-0.431817
		*TM_ROW3 -44.1383	1.2466	168.295
		*TM_POS -44.1383	1.2466	168.295
		*TM_ROTAXIS -0.111912	-0.984675	-0.133753
		*TM_ROTANGLE 2.04643
		*TM_SCALE 1	1	1
		*TM_SCALEAXIS 0	0	0
		*TM_SCALEAXISANG 0	0	0
	}
}
*HELPEROBJECT {
	*NODE_NAME "Bip01 R Forearm"
	*NODE_PARENT "Bip01 R UpperArm"
	*NODE_TM {
		*NODE_NAME "Bip01 R Forearm"
		*TM_ROW0 -0.0928531	-0.91643	-0.389274
		*TM_ROW1 -0.431743	0.389354	-0.813635
		*TM_ROW2 0.897205	0.092518	-0.431815
		*TM_ROW3 -63.7008	13.6859	130.314
		*TM_POS -63.7008	13.6859	130.314
		*TM_ROTAXIS 0.550341	-0.781327	0.294369
		*TM_ROTANGLE 2.17445
		*TM_SCALE 1	1	1
		*TM_SCALEAXIS 0	0	0
		*TM_SCALEAXISANG 0	0	0
	}
}
*HELPEROBJECT {
	*NODE_NAME "Bip01 R Hand"
	*NODE_PARENT "Bip01 R Forearm"
	*NODE_TM {
		*NODE_NAME "Bip01 R Hand"
		*TM_ROW0 -0.474597	-0.835198	-0.277851
		*TM_ROW1 0.869712	-0.396373	-0.29409
		*TM_ROW2 0.135491	-0.381225	0.9145
		*TM_ROW3 -68.2757	-31.4666	111.135
		*TM_POS -68.2757	-31.4666	111.135
		*TM_ROTAXIS -0.0496082	-0.235326	0.97065
		*TM_ROTANGLE 2.06944
		*TM_SCALE 1	1	1
		*TM_SCALEAXIS 0	0	0
		*TM_SCALEAXISANG 0	0	0
	}
}
*HELPEROBJECT {
	*NODE_NAME "Bip01 R Finger0"
	*NODE_PARENT "Bip01 R Hand"
	*NODE_TM {
		*NODE_NAME "Bip01 R Finger0"
		*TM_ROW0 -0.474597	-0.835199	-0.277852
		*TM_ROW1 0.869821	-0.396676	-0.293361
		*TM_ROW2 0.134798	-0.380909	0.914734
		*TM_ROW3 -81.7693	-61.5114	99.3048
		*TM_POS -81.7693	-61.5114	99.3048
		*TM_ROTAXIS -0.0498444	-0.234937	0.970732
		*TM_ROTANGLE 2.06948
		*TM_SCALE 1	1	1
		*TM_SCALEAXIS 0	0	0
		*TM_SCALEAXISANG 0	0	0
	}
}
*HELPEROBJECT {
	*NODE_NAME "ZS_RIGHTHAND"
	*NODE_PARENT "Bip01 R Hand"
	*NODE_TM {
		*NODE_NAME "ZS_RIGHTHAND"
		*TM_ROW0 -0.117957	0.381009	-0.917016
		*TM_ROW1 0.356405	0.878178	0.319028
		*TM_ROW2 0.926856	-0.289198	-0.239381
		*TM_ROW3 -70.4287	-54.739	121.854
		*TM_POS -70.4287	-54.739	121.854
		*TM_ROTAXIS -0.313235	-0.949591	-0.0126712
		*TM_ROTANGLE 1.81273
		*TM_SCALE 1	1	1
		*TM_SCALEAXIS 0	0	0
		*TM_SCALEAXISANG 0	0	0
	}
}
*HELPEROBJECT {
	*NODE_NAME "Bip01 L Clavicle"
	*NODE_PARENT "Bip01 Neck"
	*NODE_TM {
		*NODE_NAME "Bip01 L Clavicle"
		*TM_ROW0 0.853001	-0.00516187	-0.521884
		*TM_ROW1 0.442421	0.537607	0.717804
		*TM_ROW2 0.276863	-0.84318	0.460863
		*TM_ROW3 7.25454	-27.2436	167.536
		*TM_POS 7.25454	-27.2436	167.536
		*TM_ROTAXIS -0.862567	-0.441371	0.247325
		*TM_ROTANGLE 1.13102
		*TM_SCALE 1	1	1
		*TM_SCALEAXIS 0	0	0
		*TM_SCALEAXISANG 0	0	0
	}
}
*HELPEROBJECT {
	*NODE_NAME "Bip01 L UpperArm"
	*NODE_PARENT "Bip01 L Clavicle"
	*NODE_TM {
		*NODE_NAME "Bip01 L UpperArm"
		*TM_ROW0 0.731931	0.0188564	-0.681118
		*TM_ROW1 0.0823435	0.989843	0.11589
		*TM_ROW2 0.676385	-0.140909	0.722944
		*TM_ROW3 23.1967	-27.34	157.781
		*TM_POS 23.1967	-27.34	157.781
		*TM_ROTAXIS -0.185678	-0.981538	0.0459041
		*TM_ROTANGLE 0.763589
		*TM_SCALE 1	1	1
		*TM_SCALEAXIS 0	0	0
		*TM_SCALEAXISANG 0	0	0
	}
}
*HELPEROBJECT {
	*NODE_NAME "Bip01 L Forearm"
	*NODE_PARENT "Bip01 L UpperArm"
	*NODE_TM {
		*NODE_NAME "Bip01 L Forearm"
		*TM_ROW0 -0.0496782	-0.988022	-0.146097
		*TM_ROW1 0.734871	0.0629034	-0.675283
		*TM_ROW2 0.676385	-0.140909	0.722944
		*TM_ROW3 55.7648	-26.5011	127.475
		*TM_POS 55.7648	-26.5011	127.475
		*TM_ROTAXIS 0.269542	-0.414867	0.869041
		*TM_ROTANGLE 1.7031
		*TM_SCALE 1	1	1
		*TM_SCALEAXIS 0	0	0
		*TM_SCALEAXISANG 0	0	0
	}
}
*HELPEROBJECT {
	*NODE_NAME "Bip01 L Hand"
	*NODE_PARENT "Bip01 L Forearm"
	*NODE_TM {
		*NODE_NAME "Bip01 L Hand"
		*TM_ROW0 -0.0496792	-0.988022	-0.146099
		*TM_ROW1 -0.675799	0.140961	-0.723482
		*TM_ROW2 0.73541	0.0627913	-0.674707
		*TM_ROW3 53.3171	-75.1813	120.276
		*TM_POS 53.3171	-75.1813	120.276
		*TM_ROTAXIS 0.643543	-0.721491	0.255546
		*TM_ROTANGLE 2.4844
		*TM_SCALE 1	1	1
		*TM_SCALEAXIS 0	0	0
		*TM_SCALEAXISANG 0	0	0
	}
}
*HELPEROBJECT {
	*NODE_NAME "Bip01 L Finger0"
	*NODE_PARENT "Bip01 L Hand"
	*NODE_TM {
		*NODE_NAME "Bip01 L Finger0"
		*TM_ROW0 -0.0496784	-0.988022	-0.146098
		*TM_ROW1 -0.676384	0.14091	-0.722944
		*TM_ROW2 0.734872	0.0629036	-0.675283
		*TM_ROW3 49.9982	-108.959	111.747
		*TM_POS 49.9982	-108.959	111.747
		*TM_ROTAXIS 0.643623	-0.721529	0.255236
		*TM_ROTANGLE 2.48492
		*TM_SCALE 1	1	1
		*TM_SCALEAXIS 0	0	0
		*TM_SCALEAXISANG 0	0	0
	}
}
*HELPEROBJECT {
	*NODE_NAME "ZS_LEFTHAND"
	*NODE_PARENT "Bip01 L Hand"
	*NODE_TM {
		*NODE_NAME "ZS_LEFTHAND"
		*TM_ROW0 -0.724803	-0.0723986	0.685141
		*TM_ROW1 -0.134546	-0.960441	-0.243824
		*TM_ROW2 0.675691	-0.268907	0.68639
		*TM_ROW3 36.6234	-93.2265	127.627
		*TM_POS 36.6234	-93.2265	127.627
		*TM_ROTAXIS -0.37061	0.139637	-0.918232
		*TM_ROTANGLE 3.10775
		*TM_SCALE 1	1	1
		*TM_SCALEAXIS 0	0	0
		*TM_SCALEAXISANG 0	0	0
	}
}
*HELPEROBJECT {
	*NODE_NAME "ZS_CROSSBOW"
	*NODE_PARENT "Bip01 Spine3"
	*NODE_TM {
		*NODE_NAME "ZS_CROSSBOW"
		*TM_ROW0 -0.152712	0.839029	-0.522215
		*TM_ROW1 0.98759	0.149169	-0.0491355
		*TM_ROW2 0.0366724	-0.523238	-0.851397
		*TM_ROW3 -19.6394	19.9962	172.785
		*TM_POS -19.6394	19.9962	172.785
		*TM_ROTAXIS -0.634	-0.74738	0.198665
		*TM_ROTANGLE 2.75838
		*TM_SCALE 1	1	1
		*TM_SCALEAXIS 0	0	0
		*TM_SCALEAXISANG 0	0	0
	}
}
*HELPEROBJECT {
	*NODE_NAME "Bip01 L Thigh"
	*NODE_PARENT "Bip01 Spine"
	*NODE_TM {
		*NODE_NAME "Bip01 L Thigh"
		*TM_ROW0 0.147793	-0.765119	-0.626698
		*TM_ROW1 -0.0620712	-0.639583	0.766212
		*TM_ROW2 -0.987069	-0.0743406	-0.142017
		*TM_ROW3 18.4535	17.9403	98.6848
		*TM_POS 18.4535	17.9403	98.6848
		*TM_ROTAXIS -0.728667	0.312402	0.609466
		*TM_ROTANGLE 2.52682
		*TM_SCALE 1	1	1
		*TM_SCALEAXIS 0	0	0
		*TM_SCALEAXISANG 0	0	0
	}
}
*HELPEROBJECT {
	*NODE_NAME "Bip01 L Calf"
	*NODE_PARENT "Bip01 L Thigh"
	*NODE_TM {
		*NODE_NAME "Bip01 L Calf"
		*TM_ROW0 0.13084	0.138211	-0.981722
		*TM_ROW1 0.0926101	-0.987609	-0.126697
		*TM_ROW2 -0.987068	-0.0743404	-0.142018
		*TM_ROW3 24.6818	-14.302	72.2754
		*TM_POS 24.6818	-14.302	72.2754
		*TM_ROTAXIS -0.751856	-0.0767736	0.654842
		*TM_ROTANGLE 3.17642
		*TM_SCALE 1	1	1
		*TM_SCALEAXIS 0	0	0
		*TM_SCALEAXISANG 0	0	0
	}
}
*HELPEROBJECT {
	*NODE_NAME "Bip01 L HorseLink"
	*NODE_PARENT "Bip01 L Calf"
	*NODE_TM {
		*NODE_NAME "Bip01 L HorseLink"
		*TM_ROW0 0.160289	-0.466636	-0.869804
		*TM_ROW1 -0.00161202	-0.88132	0.472517
		*TM_ROW2 -0.987069	-0.0743373	-0.142019
		*TM_ROW3 29.0075	-9.73265	39.8206
		*TM_POS 29.0075	-9.73265	39.8206
		*TM_ROTAXIS -0.751838	0.161221	0.639334
		*TM_ROTANGLE 2.76938
		*TM_SCALE 1	1	1
		*TM_SCALEAXIS 0	0	0
		*TM_SCALEAXISANG 0	0	0
	}
}
*HELPEROBJECT {
	*NODE_NAME "Bip01 L Foot"
	*NODE_PARENT "Bip01 L HorseLink"
	*NODE_TM {
		*NODE_NAME "Bip01 L Foot"
		*TM_ROW0 0.000120163	2.08393e-005	-1
		*TM_ROW1 0.174426	-0.98467	4.39584e-007
		*TM_ROW2 -0.98467	-0.174426	-0.00012207
		*TM_ROW3 33.0011	-21.3578	18.1511
		*TM_POS 33.0011	-21.3578	18.1511
		*TM_ROTAXIS -0.705788	-0.062029	0.705702
		*TM_ROTANGLE 3.01771
		*TM_SCALE 1	1	1
		*TM_SCALEAXIS 0	0	0
		*TM_SCALEAXISANG 0	0	0
	}
}
*HELPEROBJECT {
	*NODE_NAME "Bip01 L Toe0"
	*NODE_PARENT "Bip01 L Foot"
	*NODE_TM {
		*NODE_NAME "Bip01 L Toe0"
		*TM_ROW0 0.174425	-0.98467	1.19209e-007
		*TM_ROW1 -0.00012067	-2.12193e-005	1
		*TM_ROW2 -0.98467	-0.174426	-0.000122547
		*TM_ROW3 39.4278	-57.6253	-0.414984
		*TM_POS 39.4278	-57.6253	-0.414984
		*TM_ROTAXIS -0.644726	0.540556	0.540489
		*TM_ROTANGLE 1.99639
		*TM_SCALE 1	1	1
		*TM_SCALEAXIS 0	0	0
		*TM_SCALEAXISANG 0	0	0
	}
}
*HELPEROBJECT {
	*NODE_NAME "Bip01 R Thigh"
	*NODE_PARENT "Bip01 Spine"
	*NODE_TM {
		*NODE_NAME "Bip01 R Thigh"
		*TM_ROW0 -0.376407	-0.514606	-0.770388
		*TM_ROW1 -0.222456	-0.757014	0.614364
		*TM_ROW2 -0.89935	0.402628	0.170468
		*TM_ROW3 -18.8155	24.4333	96.9529
		*TM_POS -18.8155	24.4333	96.9529
		*TM_ROTAXIS 0.552597	-0.336571	-0.762468
		*TM_ROTANGLE 3.33437
		*TM_SCALE 1	1	1
		*TM_SCALEAXIS 0	0	0
		*TM_SCALEAXISANG 0	0	0
	}
}
*HELPEROBJECT {
	*NODE_NAME "Bip01 R Calf"
	*NODE_PARENT "Bip01 R Thigh"
	*NODE_TM {
		*NODE_NAME "Bip01 R Calf"
		*TM_ROW0 0.202842	0.729602	-0.653097
		*TM_ROW1 -0.38733	-0.552785	-0.737837
		*TM_ROW2 -0.89935	0.402629	0.170469
		*TM_ROW3 -34.6772	2.74751	64.4883
		*TM_POS -34.6772	2.74751	64.4883
		*TM_ROTAXIS -0.706088	-0.15246	0.691517
		*TM_ROTANGLE 4.08166
		*TM_SCALE 1	1	1
		*TM_SCALEAXIS 0	0	0
		*TM_SCALEAXISANG 0	0	0
	}
}
*HELPEROBJECT {
	*NODE_NAME "Bip01 R HorseLink"
	*NODE_PARENT "Bip01 R Calf"
	*NODE_TM {
		*NODE_NAME "Bip01 R HorseLink"
		*TM_ROW0 -0.209585	-0.054813	-0.976253
		*TM_ROW1 -0.383724	-0.91372	0.133681
		*TM_ROW2 -0.89935	0.402629	0.170469
		*TM_ROW3 -27.9711	26.8676	42.8975
		*TM_POS -27.9711	26.8676	42.8975
		*TM_ROTAXIS 0.62289	-0.178109	-0.761765
		*TM_ROTANGLE 2.92399
		*TM_SCALE 1	1	1
		*TM_SCALEAXIS 0	0	0
		*TM_SCALEAXISANG 0	0	0
	}
}
*HELPEROBJECT {
	*NODE_NAME "Bip01 R Foot"
	*NODE_PARENT "Bip01 R HorseLink"
	*NODE_TM {
		*NODE_NAME "Bip01 R Foot"
		*TM_ROW0 -0.000676155	0.000237435	-1
		*TM_ROW1 -0.608179	-0.7938	0.000222683
		*TM_ROW2 -0.7938	0.608179	0.000681043
		*TM_ROW3 -33.1922	25.502	18.5761
		*TM_POS -33.1922	25.502	18.5761
		*TM_ROTAXIS 0.687362	-0.233132	-0.687883
		*TM_ROTANGLE 2.6835
		*TM_SCALE 1	1	1
		*TM_SCALEAXIS 0	0	0
		*TM_SCALEAXISANG 0	0	0
	}
}
*HELPEROBJECT {
	*NODE_NAME "Bip01 R Toe0"
	*NODE_PARENT "Bip01 R Foot"
	*NODE_TM {
		*NODE_NAME "Bip01 R Toe0"
		*TM_ROW0 -0.608179	-0.7938	0.000222504
		*TM_ROW1 0.00067535	-0.000237226	1
		*TM_ROW2 -0.7938	0.608179	0.000680268
		*TM_ROW3 -55.6054	-3.73119	0.0182514
		*TM_POS -55.6054	-3.73119	0.0182514
		*TM_ROTAXIS 0.329368	-0.667461	-0.667842
		*TM_ROTANGLE 3.77862
		*TM_SCALE 1	1	1
		*TM_SCALEAXIS 0	0	0
		*TM_SCALEAXISANG 0	0	0
	}
}
*HELPEROBJECT {
	*NODE_NAME "ZS_SWORD"
	*NODE_PARENT "Bip01 Spine"
	*NODE_TM {
		*NODE_NAME "ZS_SWORD"
		*TM_ROW0 -0.247669	-0.439219	0.863567
		*TM_ROW1 -0.117535	-0.871132	-0.476775
		*TM_ROW2 0.961689	-0.219582	0.164128
		*TM_ROW3 26.6587	10.8008	115.513
		*TM_POS 26.6587	10.8008	115.513
		*TM_ROTAXIS -0.607466	0.231756	-0.759785
		*TM_ROTANGLE 3.3549
		*TM_SCALE 1	1	1
		*TM_SCALEAXIS 0	0	0
		*TM_SCALEAXISANG 0	0	0
	}
}
*HELPEROBJECT {
	*NODE_NAME "ZS_LONGSWORD"
	*NODE_PARENT "Bip01 Spine"
	*NODE_TM {
		*NODE_NAME "ZS_LONGSWORD"
		*TM_ROW0 -0.247669	-0.439219	0.863567
		*TM_ROW1 -0.117535	-0.871132	-0.476775
		*TM_ROW2 0.961689	-0.219582	0.164128
		*TM_ROW3 26.6587	10.8008	115.513
		*TM_POS 26.6587	10.8008	115.513
		*TM_ROTAXIS -0.607466	0.231756	-0.759785
		*TM_ROTANGLE 3.3549
		*TM_SCALE 1	1	1
		*TM_SCALEAXIS 0	0	0
		*TM_SCALEAXISANG 0	0	0
	}
}
*GEOMOBJECT {
	*NODE_NAME "Zm_bone_00"
	*NODE_PARENT "Bip01"
	*NODE_TM {
		*NODE_NAME "Zm_bone_00"
		*TM_ROW0 1	0	0
		*TM_ROW1 0	1	0
		*TM_ROW2 0	0	1
		*TM_ROW3 274.288	0	106.731
		*TM_POS 274.288	0	106.731
		*TM_ROTAXIS 0	0	0
		*TM_ROTANGLE 0
		*TM_SCALE 1	1	1
		*TM_SCALEAXIS 0	0	0
		*TM_SCALEAXISANG 0	0	0
	}
	*MATERIAL_REF 0
	*MESH_SOFTSKIN {
		*TIMEVALUE 0
		*MESH_NUMVERTEX 39
		*MESH_NUMFACES 74
		*MESH_VERTEX_LIST {
			*MESH_VERTEX 0	41.0454	-37.5419	8.09567
			*MESH_VERTEX 1	37.7827	-38.3122	8.39637
			*MESH_VERTEX 2	36.9371	-48.306	9.8141
			*MESH_VERTEX 3	43.3207	-46.9965	9.43333
			*MESH_VERTEX 4	43.2758	-35.8062	2.47893
			*MESH_VERTEX 5	36.1034	-37.3566	3.23643
			*MESH_VERTEX 6	35.0352	-48.3073	2.21803
			*MESH_VERTEX 7	45.2245	-46.9948	1.17458
			*MESH_VERTEX 8	41.5452	-56.5702	1.97032
			*MESH_VERTEX 9	30.8842	-38.4521	8.16759
			*MESH_VERTEX 10	27.3444	-38.5345	7.49059
			*MESH_VERTEX 11	27.1852	-48.391	8.22759
			*MESH_VERTEX 12	32.328	-47.2308	9.43437
			*MESH_VERTEX 13	33.107	-35.7735	3.1675
			*MESH_VERTEX 14	34.9837	-47.0029	2.11662
			*MESH_VERTEX 15	25.4899	-48.1271	1.37478
			*MESH_VERTEX 16	25.8214	-35.8597	2.79273
			*MESH_VERTEX 17	32.3553	-57.2024	2.0541
			*MESH_VERTEX 18	51.0593	-38.3507	6.63887
			*MESH_VERTEX 19	47.5996	-38.8386	7.39635
			*MESH_VERTEX 20	47.105	-46.2597	8.78949
			*MESH_VERTEX 21	52.2549	-45.8904	7.93556
			*MESH_VERTEX 22	52.3754	-37.0143	2.50233
			*MESH_VERTEX 23	53.1401	-45.8896	1.18001
			*MESH_VERTEX 24	45.9717	-46.2604	2.03368
			*MESH_VERTEX 25	46.9599	-36.8845	3.30979
			*MESH_VERTEX 26	50.6851	-53.7232	2.65561
			*MESH_VERTEX 27	33.8425	-31.7431	11.22
			*MESH_VERTEX 28	44.6573	-25.4352	2.57488
			*MESH_VERTEX 29	33.68	-25.5095	3.12917
			*MESH_VERTEX 30	27.2288	-30.5953	11.1353
			*MESH_VERTEX 31	25.8772	-26.1491	4.96842
			*MESH_VERTEX 32	43.5691	-30.495	10.5581
			*MESH_VERTEX 33	49.8739	-29.5588	10.3511
			*MESH_VERTEX 34	51.1144	-25.8263	4.61489
			*MESH_VERTEX 35	41.4723	-18.3188	14.1609
			*MESH_VERTEX 36	33.7905	-24.1096	15.468
			*MESH_VERTEX 37	33.0494	-18.8309	14.1289
			*MESH_VERTEX 38	40.5853	-23.9892	15.7806
		}
		*MESH_FACE_LIST {
			*MESH_FACE    0:    A:    0 B:    1 C:    2 AB:    1 BC:    1 CA:    1	 *MESH_SMOOTHING 1 	*MESH_MTLID 0
			*MESH_FACE    1:    A:    2 B:    3 C:    0 AB:    1 BC:    1 CA:    1	 *MESH_SMOOTHING 1 	*MESH_MTLID 0
			*MESH_FACE    2:    A:    4 B:    7 C:    6 AB:    1 BC:    1 CA:    1	 *MESH_SMOOTHING 1 	*MESH_MTLID 0
			*MESH_FACE    3:    A:    6 B:    5 C:    4 AB:    1 BC:    1 CA:    1	 *MESH_SMOOTHING 1 	*MESH_MTLID 0
			*MESH_FACE    4:    A:    0 B:    3 C:    7 AB:    1 BC:    1 CA:    1	 *MESH_SMOOTHING 1 	*MESH_MTLID 0
			*MESH_FACE    5:    A:    7 B:    4 C:    0 AB:    1 BC:    1 CA:    1	 *MESH_SMOOTHING 1 	*MESH_MTLID 0
			*MESH_FACE    6:    A:    2 B:    1 C:    5 AB:    1 BC:    1 CA:    1	 *MESH_SMOOTHING 1 	*MESH_MTLID 0
			*MESH_FACE    7:    A:    5 B:    6 C:    2 AB:    1 BC:    1 CA:    1	 *MESH_SMOOTHING 1 	*MESH_MTLID 0
			*MESH_FACE    8:    A:    3 B:    2 C:    8 AB:    1 BC:    1 CA:    1	 *MESH_SMOOTHING 1 	*MESH_MTLID 0
			*MESH_FACE    9:    A:    2 B:    6 C:    8 AB:    1 BC:    1 CA:    1	 *MESH_SMOOTHING 1 	*MESH_MTLID 0
			*MESH_FACE    10:    A:    6 B:    7 C:    8 AB:    1 BC:    1 CA:    1	 *MESH_SMOOTHING 1 	*MESH_MTLID 0
			*MESH_FACE    11:    A:    7 B:    3 C:    8 AB:    1 BC:    1 CA:    1	 *MESH_SMOOTHING 1 	*MESH_MTLID 0
			*MESH_FACE    12:    A:    9 B:    10 C:    11 AB:    1 BC:    1 CA:    1	 *MESH_SMOOTHING 1 	*MESH_MTLID 0
			*MESH_FACE    13:    A:    11 B:    12 C:    9 AB:    1 BC:    1 CA:    1	 *MESH_SMOOTHING 1 	*MESH_MTLID 0
			*MESH_FACE    14:    A:    13 B:    14 C:    15 AB:    1 BC:    1 CA:    1	 *MESH_SMOOTHING 1 	*MESH_MTLID 0
			*MESH_FACE    15:    A:    15 B:    16 C:    13 AB:    1 BC:    1 CA:    1	 *MESH_SMOOTHING 1 	*MESH_MTLID 0
			*MESH_FACE    16:    A:    9 B:    12 C:    14 AB:    1 BC:    1 CA:    1	 *MESH_SMOOTHING 1 	*MESH_MTLID 0
			*MESH_FACE    17:    A:    14 B:    13 C:    9 AB:    1 BC:    1 CA:    1	 *MESH_SMOOTHING 1 	*MESH_MTLID 0
			*MESH_FACE    18:    A:    11 B:    10 C:    16 AB:    1 BC:    1 CA:    1	 *MESH_SMOOTHING 1 	*MESH_MTLID 0
			*MESH_FACE    19:    A:    16 B:    15 C:    11 AB:    1 BC:    1 CA:    1	 *MESH_SMOOTHING 1 	*MESH_MTLID 0
			*MESH_FACE    20:    A:    12 B:    11 C:    17 AB:    1 BC:    1 CA:    1	 *MESH_SMOOTHING 1 	*MESH_MTLID 0
			*MESH_FACE    21:    A:    11 B:    15 C:    17 AB:    1 BC:    1 CA:    1	 *MESH_SMOOTHING 1 	*MESH_MTLID 0
			*MESH_FACE    22:    A:    15 B:    14 C:    17 AB:    1 BC:    1 CA:    1	 *MESH_SMOOTHING 1 	*MESH_MTLID 0
			*MESH_FACE    23:    A:    14 B:    12 C:    17 AB:    1 BC:    1 CA:    1	 *MESH_SMOOTHING 1 	*MESH_MTLID 0
			*MESH_FACE    24:    A:    18 B:    19 C:    20 AB:    1 BC:    1 CA:    1	 *MESH_SMOOTHING 1 	*MESH_MTLID 0
			*MESH_FACE    25:    A:    20 B:    21 C:    18 AB:    1 BC:    1 CA:    1	 *MESH_SMOOTHING 1 	*MESH_MTLID 0
			*MESH_FACE    26:    A:    22 B:    23 C:    24 AB:    1 BC:    1 CA:    1	 *MESH_SMOOTHING 1 	*MESH_MTLID 0
			*MESH_FACE    27:    A:    24 B:    25 C:    22 AB:    1 BC:    1 CA:    1	 *MESH_SMOOTHING 1 	*MESH_MTLID 0
			*MESH_FACE    28:    A:    18 B:    21 C:    23 AB:    1 BC:    1 CA:    1	 *MESH_SMOOTHING 1 	*MESH_MTLID 0
			*MESH_FACE    29:    A:    23 B:    22 C:    18 AB:    1 BC:    1 CA:    1	 *MESH_SMOOTHING 1 	*MESH_MTLID 0
			*MESH_FACE    30:    A:    20 B:    19 C:    25 AB:    1 BC:    1 CA:    1	 *MESH_SMOOTHING 1 	*MESH_MTLID 0
			*MESH_FACE    31:    A:    25 B:    24 C:    20 AB:    1 BC:    1 CA:    1	 *MESH_SMOOTHING 1 	*MESH_MTLID 0
			*MESH_FACE    32:    A:    21 B:    20 C:    26 AB:    1 BC:    1 CA:    1	 *MESH_SMOOTHING 1 	*MESH_MTLID 0
			*MESH_FACE    33:    A:    20 B:    24 C:    26 AB:    1 BC:    1 CA:    1	 *MESH_SMOOTHING 1 	*MESH_MTLID 0
			*MESH_FACE    34:    A:    24 B:    23 C:    26 AB:    1 BC:    1 CA:    1	 *MESH_SMOOTHING 1 	*MESH_MTLID 0
			*MESH_FACE    35:    A:    23 B:    21 C:    26 AB:    1 BC:    1 CA:    1	 *MESH_SMOOTHING 1 	*MESH_MTLID 0
			*MESH_FACE    36:    A:    1 B:    0 C:    32 AB:    1 BC:    1 CA:    1	 *MESH_SMOOTHING 1 	*MESH_MTLID 0
			*MESH_FACE    37:    A:    32 B:    27 C:    1 AB:    1 BC:    1 CA:    1	 *MESH_SMOOTHING 1 	*MESH_MTLID 0
			*MESH_FACE    38:    A:    0 B:    4 C:    28 AB:    1 BC:    1 CA:    1	 *MESH_SMOOTHING 1 	*MESH_MTLID 0
			*MESH_FACE    39:    A:    28 B:    32 C:    0 AB:    1 BC:    1 CA:    1	 *MESH_SMOOTHING 1 	*MESH_MTLID 0
			*MESH_FACE    40:    A:    4 B:    5 C:    29 AB:    1 BC:    1 CA:    1	 *MESH_SMOOTHING 1 	*MESH_MTLID 0
			*MESH_FACE    41:    A:    29 B:    28 C:    4 AB:    1 BC:    1 CA:    1	 *MESH_SMOOTHING 1 	*MESH_MTLID 0
			*MESH_FACE    42:    A:    5 B:    1 C:    27 AB:    1 BC:    1 CA:    1	 *MESH_SMOOTHING 1 	*MESH_MTLID 0
			*MESH_FACE    43:    A:    27 B:    29 C:    5 AB:    1 BC:    1 CA:    1	 *MESH_SMOOTHING 1 	*MESH_MTLID 0
			*MESH_FACE    44:    A:    10 B:    9 C:    27 AB:    1 BC:    1 CA:    1	 *MESH_SMOOTHING 1 	*MESH_MTLID 0
			*MESH_FACE    45:    A:    27 B:    30 C:    10 AB:    1 BC:    1 CA:    1	 *MESH_SMOOTHING 1 	*MESH_MTLID 0
			*MESH_FACE    46:    A:    9 B:    13 C:    29 AB:    1 BC:    1 CA:    1	 *MESH_SMOOTHING 1 	*MESH_MTLID 0
			*MESH_FACE    47:    A:    29 B:    27 C:    9 AB:    1 BC:    1 CA:    1	 *MESH_SMOOTHING 1 	*MESH_MTLID 0
			*MESH_FACE    48:    A:    13 B:    16 C:    31 AB:    1 BC:    1 CA:    1	 *MESH_SMOOTHING 1 	*MESH_MTLID 0
			*MESH_FACE    49:    A:    31 B:    29 C:    13 AB:    1 BC:    1 CA:    1	 *MESH_SMOOTHING 1 	*MESH_MTLID 0
			*MESH_FACE    50:    A:    16 B:    10 C:    30 AB:    1 BC:    1 CA:    1	 *MESH_SMOOTHING 1 	*MESH_MTLID 0
			*MESH_FACE    51:    A:    30 B:    31 C:    16 AB:    1 BC:    1 CA:    1	 *MESH_SMOOTHING 1 	*MESH_MTLID 0
			*MESH_FACE    52:    A:    19 B:    18 C:    33 AB:    1 BC:    1 CA:    1	 *MESH_SMOOTHING 1 	*MESH_MTLID 0
			*MESH_FACE    53:    A:    33 B:    32 C:    19 AB:    1 BC:    1 CA:    1	 *MESH_SMOOTHING 1 	*MESH_MTLID 0
			*MESH_FACE    54:    A:    18 B:    22 C:    34 AB:    1 BC:    1 CA:    1	 *MESH_SMOOTHING 1 	*MESH_MTLID 0
			*MESH_FACE    55:    A:    34 B:    33 C:    18 AB:    1 BC:    1 CA:    1	 *MESH_SMOOTHING 1 	*MESH_MTLID 0
			*MESH_FACE    56:    A:    22 B:    25 C:    28 AB:    1 BC:    1 CA:    1	 *MESH_SMOOTHING 1 	*MESH_MTLID 0
			*MESH_FACE    57:    A:    28 B:    34 C:    22 AB:    1 BC:    1 CA:    1	 *MESH_SMOOTHING 1 	*MESH_MTLID 0
			*MESH_FACE    58:    A:    25 B:    19 C:    32 AB:    1 BC:    1 CA:    1	 *MESH_SMOOTHING 1 	*MESH_MTLID 0
			*MESH_FACE    59:    A:    32 B:    28 C:    25 AB:    1 BC:    1 CA:    1	 *MESH_SMOOTHING 1 	*MESH_MTLID 0
			*MESH_FACE    60:    A:    28 B:    29 C:    35 AB:    1 BC:    1 CA:    1	 *MESH_SMOOTHING 1 	*MESH_MTLID 0
			*MESH_FACE    61:    A:    30 B:    27 C:    36 AB:    1 BC:    1 CA:    1	 *MESH_SMOOTHING 1 	*MESH_MTLID 0
			*MESH_FACE    62:    A:    29 B:    37 C:    35 AB:    1 BC:    1 CA:    1	 *MESH_SMOOTHING 1 	*MESH_MTLID 0
			*MESH_FACE    63:    A:    31 B:    30 C:    37 AB:    1 BC:    1 CA:    1	 *MESH_SMOOTHING 1 	*MESH_MTLID 0
			*MESH_FACE    64:    A:    33 B:    35 C:    38 AB:    1 BC:    1 CA:    1	 *MESH_SMOOTHING 1 	*MESH_MTLID 0
			*MESH_FACE    65:    A:    34 B:    28 C:    35 AB:    1 BC:    1 CA:    1	 *MESH_SMOOTHING 1 	*MESH_MTLID 0
			*MESH_FACE    66:    A:    27 B:    32 C:    38 AB:    1 BC:    1 CA:    1	 *MESH_SMOOTHING 1 	*MESH_MTLID 0
			*MESH_FACE    67:    A:    38 B:    36 C:    27 AB:    1 BC:    1 CA:    1	 *MESH_SMOOTHING 1 	*MESH_MTLID 0
			*MESH_FACE    68:    A:    32 B:    33 C:    38 AB:    1 BC:    1 CA:    1	 *MESH_SMOOTHING 1 	*MESH_MTLID 0
			*MESH_FACE    69:    A:    37 B:    36 C:    38 AB:    1 BC:    1 CA:    1	 *MESH_SMOOTHING 1 	*MESH_MTLID 0
			*MESH_FACE    70:    A:    38 B:    35 C:    37 AB:    1 BC:    1 CA:    1	 *MESH_SMOOTHING 1 	*MESH_MTLID 0
			*MESH_FACE    71:    A:    29 B:    31 C:    37 AB:    1 BC:    1 CA:    1	 *MESH_SMOOTHING 1 	*MESH_MTLID 0
			*MESH_FACE    72:    A:    30 B:    36 C:    37 AB:    1 BC:    1 CA:    1	 *MESH_SMOOTHING 1 	*MESH_MTLID 0
			*MESH_FACE    73:    A:    33 B:    34 C:    35 AB:    1 BC:    1 CA:    1	 *MESH_SMOOTHING 1 	*MESH_MTLID 0
		}
		*MESH_NUMTVERTEX 150
		*MESH_TVERTLIST {
			*MESH_TVERT 0	0.631809	0.932813	0
			*MESH_TVERT 1	0.669	0.933593	0
			*MESH_TVERT 2	0.694058	0.872648	0
			*MESH_TVERT 3	0.70229	0.929895	0
			*MESH_TVERT 4	0.739915	0.932457	0
			*MESH_TVERT 5	0.669	0.933593	0
			*MESH_TVERT 6	0.74253	0.872697	0
			*MESH_TVERT 7	0.694058	0.872648	0
			*MESH_TVERT 8	0.739915	0.932457	0
			*MESH_TVERT 9	0.70229	0.929895	0
			*MESH_TVERT 10	0.74253	0.872697	0
			*MESH_TVERT 11	0.722511	0.80813	0
			*MESH_TVERT 12	0.70229	0.929895	0
			*MESH_TVERT 13	0.739915	0.932457	0
			*MESH_TVERT 14	0.694058	0.872648	0
			*MESH_TVERT 15	0.74253	0.872697	0
			*MESH_TVERT 16	0.631809	0.932813	0
			*MESH_TVERT 17	0.694058	0.872648	0
			*MESH_TVERT 18	0.739915	0.932457	0
			*MESH_TVERT 19	0.70229	0.929895	0
			*MESH_TVERT 20	0.74253	0.872697	0
			*MESH_TVERT 21	0.722511	0.80813	0
			*MESH_TVERT 22	0.70229	0.929895	0
			*MESH_TVERT 23	0.625919	0.852861	0
			*MESH_TVERT 24	0.739915	0.932457	0
			*MESH_TVERT 25	0.694058	0.872648	0
			*MESH_TVERT 26	0.679698	0.852502	0
			*MESH_TVERT 27	0.74253	0.872697	0
			*MESH_TVERT 28	0.694058	0.872648	0
			*MESH_TVERT 29	0.739915	0.932457	0
			*MESH_TVERT 30	0.679698	0.852502	0
			*MESH_TVERT 31	0.70229	0.929895	0
			*MESH_TVERT 32	0.74253	0.872697	0
			*MESH_TVERT 33	0.722511	0.80813	0
			*MESH_TVERT 34	0.631809	0.932813	0
			*MESH_TVERT 35	0.679698	0.852502	0
			*MESH_TVERT 36	0.546495	0.879744	0
			*MESH_TVERT 37	0.498503	0.918228	0
			*MESH_TVERT 38	0.746023	0.983233	0
			*MESH_TVERT 39	0.625919	0.852861	0
			*MESH_TVERT 40	0.669	0.933593	0
			*MESH_TVERT 41	0.650477	0.785065	0
			*MESH_TVERT 42	0.631809	0.932813	0
			*MESH_TVERT 43	0.679698	0.852502	0
			*MESH_TVERT 44	0.625919	0.852861	0
			*MESH_TVERT 45	0.466676	0.952929	0
			*MESH_TVERT 46	0.546495	0.879744	0
			*MESH_TVERT 47	0.669	0.933593	0
			*MESH_TVERT 48	0.650477	0.785065	0
			*MESH_TVERT 49	0.631809	0.932813	0
			*MESH_TVERT 50	0.679698	0.852502	0
			*MESH_TVERT 51	0.625919	0.852861	0
			*MESH_TVERT 52	0.669	0.933593	0
			*MESH_TVERT 53	0.473244	0.984657	0
			*MESH_TVERT 54	0.650477	0.785065	0
			*MESH_TVERT 55	0.610437	0.856494	0
			*MESH_TVERT 56	0.613623	0.948996	0
			*MESH_TVERT 57	0.625919	0.852861	0
			*MESH_TVERT 58	0.587394	0.940403	0
			*MESH_TVERT 59	0.57849	0.851804	0
			*MESH_TVERT 60	0.466676	0.952929	0
			*MESH_TVERT 61	0.552289	0.968625	0
			*MESH_TVERT 62	0.552289	0.968625	0
			*MESH_TVERT 63	0.631809	0.932813	0
			*MESH_TVERT 64	0.625919	0.852861	0
			*MESH_TVERT 65	0.679698	0.852502	0
			*MESH_TVERT 66	0.669	0.933593	0
			*MESH_TVERT 67	0.70229	0.929895	0
			*MESH_TVERT 68	0.694058	0.872648	0
			*MESH_TVERT 69	0.650477	0.785065	0
			*MESH_TVERT 70	0.631809	0.932813	0
			*MESH_TVERT 71	0.669	0.933593	0
			*MESH_TVERT 72	0.676771	0.995855	0
			*MESH_TVERT 73	0.620706	0.994088	0
			*MESH_TVERT 74	0.669	0.933593	0
			*MESH_TVERT 75	0.631809	0.932813	0
			*MESH_TVERT 76	0.669	0.933593	0
			*MESH_TVERT 77	0.679698	0.852502	0
			*MESH_TVERT 78	0.631809	0.932813	0
			*MESH_TVERT 79	0.625919	0.852861	0
			*MESH_TVERT 80	0.679698	0.852502	0
			*MESH_TVERT 81	0.679698	0.852502	0
			*MESH_TVERT 82	0.625919	0.852861	0
			*MESH_TVERT 83	0.650477	0.785065	0
			*MESH_TVERT 84	0.676771	0.995855	0
			*MESH_TVERT 85	0.620706	0.994088	0
			*MESH_TVERT 86	0.669	0.933593	0
			*MESH_TVERT 87	0.631809	0.932813	0
			*MESH_TVERT 88	0.625919	0.852861	0
			*MESH_TVERT 89	0.679698	0.852502	0
			*MESH_TVERT 90	0.625919	0.852861	0
			*MESH_TVERT 91	0.650477	0.785065	0
			*MESH_TVERT 92	0.676771	0.995855	0
			*MESH_TVERT 93	0.620706	0.994088	0
			*MESH_TVERT 94	0.722511	0.80813	0
			*MESH_TVERT 95	0.631809	0.932813	0
			*MESH_TVERT 96	0.625919	0.852861	0
			*MESH_TVERT 97	0.679698	0.852502	0
			*MESH_TVERT 98	0.669	0.933593	0
			*MESH_TVERT 99	0.722511	0.80813	0
			*MESH_TVERT 100	0.676771	0.995855	0
			*MESH_TVERT 101	0.620706	0.994088	0
			*MESH_TVERT 102	0.676771	0.995855	0
			*MESH_TVERT 103	0.620706	0.994088	0
			*MESH_TVERT 104	0.631809	0.932813	0
			*MESH_TVERT 105	0.625919	0.852861	0
			*MESH_TVERT 106	0.679698	0.852502	0
			*MESH_TVERT 107	0.669	0.933593	0
			*MESH_TVERT 108	0.676771	0.995855	0
			*MESH_TVERT 109	0.74253	0.872697	0
			*MESH_TVERT 110	0.620706	0.994088	0
			*MESH_TVERT 111	0.739915	0.932457	0
			*MESH_TVERT 112	0.694058	0.872648	0
			*MESH_TVERT 113	0.70229	0.929895	0
			*MESH_TVERT 114	0.739915	0.932457	0
			*MESH_TVERT 115	0.74253	0.872697	0
			*MESH_TVERT 116	0.722511	0.80813	0
			*MESH_TVERT 117	0.70229	0.929895	0
			*MESH_TVERT 118	0.694058	0.872648	0
			*MESH_TVERT 119	0.693839	0.982266	0
			*MESH_TVERT 120	0.74253	0.872697	0
			*MESH_TVERT 121	0.739915	0.932457	0
			*MESH_TVERT 122	0.694058	0.872648	0
			*MESH_TVERT 123	0.70229	0.929895	0
			*MESH_TVERT 124	0.739915	0.932457	0
			*MESH_TVERT 125	0.693839	0.982266	0
			*MESH_TVERT 126	0.74253	0.872697	0
			*MESH_TVERT 127	0.70229	0.929895	0
			*MESH_TVERT 128	0.694058	0.872648	0
			*MESH_TVERT 129	0.74253	0.872697	0
			*MESH_TVERT 130	0.739915	0.932457	0
			*MESH_TVERT 131	0.694058	0.872648	0
			*MESH_TVERT 132	0.70229	0.929895	0
			*MESH_TVERT 133	0.739915	0.932457	0
			*MESH_TVERT 134	0.74253	0.872697	0
			*MESH_TVERT 135	0.746023	0.983233	0
			*MESH_TVERT 136	0.693839	0.982266	0
			*MESH_TVERT 137	0.693839	0.982266	0
			*MESH_TVERT 138	0.746023	0.983233	0
			*MESH_TVERT 139	0.693839	0.982266	0
			*MESH_TVERT 140	0.746023	0.983233	0
			*MESH_TVERT 141	0.746023	0.983233	0
			*MESH_TVERT 142	0.693839	0.982266	0
			*MESH_TVERT 143	0.746023	0.983233	0
			*MESH_TVERT 144	0.498503	0.918228	0
			*MESH_TVERT 145	0.587394	0.940403	0
			*MESH_TVERT 146	0.57849	0.851804	0
			*MESH_TVERT 147	0.548974	0.992493	0
			*MESH_TVERT 148	0.587394	0.940403	0
			*MESH_TVERT 149	0.57849	0.851804	0
		}
		*MESH_NUMTVFACES 74
		*MESH_TFACELIST {
			*MESH_TFACE 0	74	78	79
			*MESH_TFACE 1	79	80	74
			*MESH_TFACE 2	63	64	65
			*MESH_TFACE 3	65	66	63
			*MESH_TFACE 4	67	68	109
			*MESH_TFACE 5	109	111	67
			*MESH_TFACE 6	112	113	114
			*MESH_TFACE 7	114	115	112
			*MESH_TFACE 8	81	82	83
			*MESH_TFACE 9	2	10	116
			*MESH_TFACE 10	35	39	41
			*MESH_TFACE 11	6	7	11
			*MESH_TFACE 12	86	87	88
			*MESH_TFACE 13	88	89	86
			*MESH_TFACE 14	95	96	97
			*MESH_TFACE 15	97	98	95
			*MESH_TFACE 16	117	118	120
			*MESH_TFACE 17	120	121	117
			*MESH_TFACE 18	122	123	124
			*MESH_TFACE 19	124	126	122
			*MESH_TFACE 20	77	90	91
			*MESH_TFACE 21	14	20	94
			*MESH_TFACE 22	43	44	48
			*MESH_TFACE 23	15	17	21
			*MESH_TFACE 24	5	16	23
			*MESH_TFACE 25	23	26	5
			*MESH_TFACE 26	104	105	106
			*MESH_TFACE 27	106	107	104
			*MESH_TFACE 28	127	128	129
			*MESH_TFACE 29	129	130	127
			*MESH_TFACE 30	131	132	133
			*MESH_TFACE 31	133	134	131
			*MESH_TFACE 32	30	57	69
			*MESH_TFACE 33	25	32	99
			*MESH_TFACE 34	50	51	54
			*MESH_TFACE 35	27	28	33
			*MESH_TFACE 36	0	1	84
			*MESH_TFACE 37	84	85	0
			*MESH_TFACE 38	3	8	135
			*MESH_TFACE 39	135	136	3
			*MESH_TFACE 40	34	40	102
			*MESH_TFACE 41	102	103	34
			*MESH_TFACE 42	4	9	137
			*MESH_TFACE 43	137	138	4
			*MESH_TFACE 44	75	76	92
			*MESH_TFACE 45	92	93	75
			*MESH_TFACE 46	12	18	38
			*MESH_TFACE 47	38	119	12
			*MESH_TFACE 48	42	47	100
			*MESH_TFACE 49	100	101	42
			*MESH_TFACE 50	13	19	139
			*MESH_TFACE 51	139	140	13
			*MESH_TFACE 52	70	71	72
			*MESH_TFACE 53	72	73	70
			*MESH_TFACE 54	22	29	141
			*MESH_TFACE 55	141	142	22
			*MESH_TFACE 56	49	52	108
			*MESH_TFACE 57	108	110	49
			*MESH_TFACE 58	24	31	125
			*MESH_TFACE 59	125	143	24
			*MESH_TFACE 60	144	36	62
			*MESH_TFACE 61	60	37	61
			*MESH_TFACE 62	36	145	62
			*MESH_TFACE 63	146	55	58
			*MESH_TFACE 64	53	62	147
			*MESH_TFACE 65	45	144	62
			*MESH_TFACE 66	37	46	148
			*MESH_TFACE 67	148	61	37
			*MESH_TFACE 68	46	149	148
			*MESH_TFACE 69	58	56	147
			*MESH_TFACE 70	147	62	58
			*MESH_TFACE 71	36	59	145
			*MESH_TFACE 72	55	56	58
			*MESH_TFACE 73	53	45	62
		}
	}
}
*GEOMOBJECT {
	*NODE_NAME "Zm_bone_01"
	*NODE_PARENT "Bip01"
	*NODE_TM {
		*NODE_NAME "Zm_bone_01"
		*TM_ROW0 1	0	0
		*TM_ROW1 0	1	0
		*TM_ROW2 0	0	1
		*TM_ROW3 274.288	0	106.731
		*TM_POS 274.288	0	106.731
		*TM_ROTAXIS 0	0	0
		*TM_ROTANGLE 0
		*TM_SCALE 1	1	1
		*TM_SCALEAXIS 0	0	0
		*TM_SCALEAXISANG 0	0	0
	}
	*MATERIAL_REF 0
	*MESH_SOFTSKIN {
		*TIMEVALUE 0
		*MESH_NUMVERTEX 39
		*MESH_NUMFACES 74
		*MESH_VERTEX_LIST {
			*MESH_VERTEX 0	-44.4793	13.1201	8.52475
			*MESH_VERTEX 1	-41.9375	10.9342	8.82362
			*MESH_VERTEX 2	-45.7872	1.673	10.2421
			*MESH_VERTEX 3	-50.8513	5.77454	9.86489
			*MESH_VERTEX 4	-45.6634	15.6887	2.9091
			*MESH_VERTEX 5	-52.5453	6.65389	1.60727
			*MESH_VERTEX 6	-44.1039	0.797434	2.64489
			*MESH_VERTEX 7	-40.0099	11.0101	3.66258
			*MESH_VERTEX 8	-53.6872	-3.54041	2.40201
			*MESH_VERTEX 9	-35.8781	7.63391	8.59082
			*MESH_VERTEX 10	-32.7742	5.93123	7.91175
			*MESH_VERTEX 11	-37.1703	-2.89202	8.64985
			*MESH_VERTEX 12	-41.2008	0.505476	9.85951
			*MESH_VERTEX 13	-36.6211	11.036	3.59169
			*MESH_VERTEX 14	-43.4576	1.93169	2.5433
			*MESH_VERTEX 15	-35.5479	-3.43713	1.79601
			*MESH_VERTEX 16	-30.1935	7.60516	3.21266
			*MESH_VERTEX 17	-45.8202	-8.33261	2.48048
			*MESH_VERTEX 18	-53.742	17.0128	7.07392
			*MESH_VERTEX 19	-50.895	14.9867	7.82943
			*MESH_VERTEX 20	-53.8718	8.17098	9.22319
			*MESH_VERTEX 21	-58.274	10.87	8.37224
			*MESH_VERTEX 22	-54.2974	18.8058	2.93799
			*MESH_VERTEX 23	-59.0632	11.2793	1.6172
			*MESH_VERTEX 24	-52.87	7.64968	2.46671
			*MESH_VERTEX 25	-49.4298	16.4275	3.74226
			*MESH_VERTEX 26	-60.4897	3.19483	3.09232
			*MESH_VERTEX 27	-43.4739	20.5373	10.9877
			*MESH_VERTEX 28	-35.4138	14.9511	11.6441
			*MESH_VERTEX 29	-42.115	25.5312	3.0046
			*MESH_VERTEX 30	-32.4042	20.4112	3.55245
			*MESH_VERTEX 31	-29.0143	12.9251	11.5554
			*MESH_VERTEX 32	-25.7709	16.2508	5.3872
			*MESH_VERTEX 33	-48.6398	24.2711	10.7843
			*MESH_VERTEX 34	-48.0259	28.1566	5.04845
			*MESH_VERTEX 35	-36.0045	30.3803	14.5879
			*MESH_VERTEX 36	-31.8506	21.7028	15.8912
			*MESH_VERTEX 37	-28.7632	26.0477	14.551
			*MESH_VERTEX 38	-37.8269	24.938	16.2077
		}
		*MESH_FACE_LIST {
			*MESH_FACE    0:    A:    0 B:    3 C:    2 AB:    1 BC:    1 CA:    1	 *MESH_SMOOTHING 1 	*MESH_MTLID 0
			*MESH_FACE    1:    A:    2 B:    1 C:    0 AB:    1 BC:    1 CA:    1	 *MESH_SMOOTHING 1 	*MESH_MTLID 0
			*MESH_FACE    2:    A:    4 B:    7 C:    6 AB:    1 BC:    1 CA:    1	 *MESH_SMOOTHING 1 	*MESH_MTLID 0
			*MESH_FACE    3:    A:    6 B:    5 C:    4 AB:    1 BC:    1 CA:    1	 *MESH_SMOOTHING 1 	*MESH_MTLID 0
			*MESH_FACE    4:    A:    0 B:    4 C:    5 AB:    1 BC:    1 CA:    1	 *MESH_SMOOTHING 1 	*MESH_MTLID 0
			*MESH_FACE    5:    A:    5 B:    3 C:    0 AB:    1 BC:    1 CA:    1	 *MESH_SMOOTHING 1 	*MESH_MTLID 0
			*MESH_FACE    6:    A:    2 B:    6 C:    7 AB:    1 BC:    1 CA:    1	 *MESH_SMOOTHING 1 	*MESH_MTLID 0
			*MESH_FACE    7:    A:    7 B:    1 C:    2 AB:    1 BC:    1 CA:    1	 *MESH_SMOOTHING 1 	*MESH_MTLID 0
			*MESH_FACE    8:    A:    3 B:    8 C:    2 AB:    1 BC:    1 CA:    1	 *MESH_SMOOTHING 1 	*MESH_MTLID 0
			*MESH_FACE    9:    A:    2 B:    8 C:    6 AB:    1 BC:    1 CA:    1	 *MESH_SMOOTHING 1 	*MESH_MTLID 0
			*MESH_FACE    10:    A:    6 B:    8 C:    5 AB:    1 BC:    1 CA:    1	 *MESH_SMOOTHING 1 	*MESH_MTLID 0
			*MESH_FACE    11:    A:    5 B:    8 C:    3 AB:    1 BC:    1 CA:    1	 *MESH_SMOOTHING 1 	*MESH_MTLID 0
			*MESH_FACE    12:    A:    9 B:    12 C:    11 AB:    1 BC:    1 CA:    1	 *MESH_SMOOTHING 1 	*MESH_MTLID 0
			*MESH_FACE    13:    A:    11 B:    10 C:    9 AB:    1 BC:    1 CA:    1	 *MESH_SMOOTHING 1 	*MESH_MTLID 0
			*MESH_FACE    14:    A:    13 B:    16 C:    15 AB:    1 BC:    1 CA:    1	 *MESH_SMOOTHING 1 	*MESH_MTLID 0
			*MESH_FACE    15:    A:    15 B:    14 C:    13 AB:    1 BC:    1 CA:    1	 *MESH_SMOOTHING 1 	*MESH_MTLID 0
			*MESH_FACE    16:    A:    9 B:    13 C:    14 AB:    1 BC:    1 CA:    1	 *MESH_SMOOTHING 1 	*MESH_MTLID 0
			*MESH_FACE    17:    A:    14 B:    12 C:    9 AB:    1 BC:    1 CA:    1	 *MESH_SMOOTHING 1 	*MESH_MTLID 0
			*MESH_FACE    18:    A:    11 B:    15 C:    16 AB:    1 BC:    1 CA:    1	 *MESH_SMOOTHING 1 	*MESH_MTLID 0
			*MESH_FACE    19:    A:    16 B:    10 C:    11 AB:    1 BC:    1 CA:    1	 *MESH_SMOOTHING 1 	*MESH_MTLID 0
			*MESH_FACE    20:    A:    12 B:    17 C:    11 AB:    1 BC:    1 CA:    1	 *MESH_SMOOTHING 1 	*MESH_MTLID 0
			*MESH_FACE    21:    A:    11 B:    17 C:    15 AB:    1 BC:    1 CA:    1	 *MESH_SMOOTHING 1 	*MESH_MTLID 0
			*MESH_FACE    22:    A:    15 B:    17 C:    14 AB:    1 BC:    1 CA:    1	 *MESH_SMOOTHING 1 	*MESH_MTLID 0
			*MESH_FACE    23:    A:    14 B:    17 C:    12 AB:    1 BC:    1 CA:    1	 *MESH_SMOOTHING 1 	*MESH_MTLID 0
			*MESH_FACE    24:    A:    18 B:    21 C:    20 AB:    1 BC:    1 CA:    1	 *MESH_SMOOTHING 1 	*MESH_MTLID 0
			*MESH_FACE    25:    A:    20 B:    19 C:    18 AB:    1 BC:    1 CA:    1	 *MESH_SMOOTHING 1 	*MESH_MTLID 0
			*MESH_FACE    26:    A:    22 B:    25 C:    24 AB:    1 BC:    1 CA:    1	 *MESH_SMOOTHING 1 	*MESH_MTLID 0
			*MESH_FACE    27:    A:    24 B:    23 C:    22 AB:    1 BC:    1 CA:    1	 *MESH_SMOOTHING 1 	*MESH_MTLID 0
			*MESH_FACE    28:    A:    18 B:    22 C:    23 AB:    1 BC:    1 CA:    1	 *MESH_SMOOTHING 1 	*MESH_MTLID 0
			*MESH_FACE    29:    A:    23 B:    21 C:    18 AB:    1 BC:    1 CA:    1	 *MESH_SMOOTHING 1 	*MESH_MTLID 0
			*MESH_FACE    30:    A:    20 B:    24 C:    25 AB:    1 BC:    1 CA:    1	 *MESH_SMOOTHING 1 	*MESH_MTLID 0
			*MESH_FACE    31:    A:    25 B:    19 C:    20 AB:    1 BC:    1 CA:    1	 *MESH_SMOOTHING 1 	*MESH_MTLID 0
			*MESH_FACE    32:    A:    21 B:    26 C:    20 AB:    1 BC:    1 CA:    1	 *MESH_SMOOTHING 1 	*MESH_MTLID 0
